 +0.32500  -0.05000  +58.00000
 +0.42500  +0.15000  +14.00000
 +0.52500  +0.00000  +28.00000
 +0.37500  +0.05000  +42.00000
 +0.57500  -0.10000  +8.00000
 +0.47500  -0.10000  +10.00000
 +0.47500  -0.20000  +4.00000
 +0.27500  +0.10000  +79.00000
 +0.57500  +0.10000  +1.00000
 +0.32500  -0.20000  +50.00000
 +0.22500  -0.30000  +32.00000
 +0.12500  -0.15000  +81.00000
 +0.07500  -0.25000  +49.00000
 +0.17500  -0.05000  +111.00000
 +0.37500  -0.30000  +2.00000
 -1.22500  +0.60000  +38.00000
 -0.97500  +0.40000  +117.00000
 -1.07500  +0.50000  +108.00000
 -1.12500  +0.65000  +72.00000
 -1.27500  +0.70000  +7.00000
 -0.97500  +0.65000  +97.00000
 -0.92500  +0.55000  +142.00000
 -0.82500  +0.60000  +72.00000
 -1.17500  +0.45000  +106.00000
 -1.07500  +0.75000  +19.00000
 -1.17500  +0.75000  +8.00000
 -0.22500  +0.50000  +164.00000
 -0.12500  +0.60000  +39.00000
 -0.27500  +0.60000  +79.00000
 -0.02500  +0.55000  +47.00000
 +0.07500  +0.60000  +9.00000
 +0.02500  +0.70000  +2.00000
 -0.07500  +0.40000  +95.00000
 -0.17500  +0.75000  +11.00000
 -0.92500  +0.75000  +10.00000
 -0.27500  +0.70000  +29.00000
 -0.42500  +0.60000  +52.00000
 -0.42500  +0.70000  +23.00000
 -0.37500  +0.50000  +118.00000
 -0.52500  +0.75000  +6.00000
 -0.52500  +0.55000  +92.00000
 -0.32500  +0.40000  +120.00000
 +0.17500  +0.30000  +48.00000
 +0.02500  +0.15000  +109.00000
 +0.12500  +0.05000  +96.00000
 +0.32500  +0.20000  +45.00000
 +0.12500  +0.20000  +82.00000
 +0.02500  +0.45000  +65.00000
 +0.07500  +0.30000  +93.00000
 +0.22500  +0.45000  +6.00000
 +0.17500  +0.55000  +12.00000
 +0.17500  +0.65000  +3.00000
 +0.12500  +0.40000  +42.00000
 +0.17500  -0.40000  +6.00000
 +0.02500  -0.15000  +56.00000
 -1.37500  +0.35000  +72.00000
 -1.42500  +0.15000  +75.00000
 -1.47500  +0.25000  +46.00000
 -1.52500  +0.10000  +26.00000
 -1.32500  +0.10000  +81.00000
 -1.62500  +0.20000  +24.00000
 +0.27500  +0.35000  +10.00000
 +0.02500  -0.05000  +108.00000
 -1.42500  +0.45000  +26.00000
 -1.52500  +0.35000  +17.00000
 -1.32500  +0.25000  +72.00000
 -1.22500  +0.20000  +127.00000
 -1.27500  +0.35000  +94.00000
 -1.32500  +0.45000  +39.00000
 -1.02500  +0.20000  +150.00000
 -1.07500  +0.10000  +132.00000
 -0.77500  +0.10000  +149.00000
 -0.92500  +0.15000  +148.00000
 -0.92500  +0.30000  +135.00000
 -1.12500  +0.20000  +116.00000
 -0.97500  +0.00000  +124.00000
 -1.42500  +0.60000  +4.00000
 -0.02500  +0.05000  +109.00000
 -0.07500  +0.25000  +121.00000
 -0.17500  +0.35000  +76.00000
 -0.47500  +0.35000  +185.00000
 -0.27500  +0.30000  +141.00000
 -0.12500  +0.10000  +129.00000
 -0.17500  +0.20000  +117.00000
 -0.42500  -0.50000  +94.00000
 -0.57500  -0.50000  +174.00000
 -0.47500  -0.65000  +35.00000
 -0.57500  -0.60000  +64.00000
 -0.57500  -0.70000  +22.00000
 -0.32500  -0.65000  +9.00000
 -0.27500  -0.55000  +23.00000
 -1.17500  -0.40000  +115.00000
 -1.12500  -0.50000  +91.00000
 -1.07500  -0.60000  +69.00000
 -0.97500  -0.45000  +180.00000
 -1.07500  -0.35000  +98.00000
 -1.02500  -0.70000  +8.00000
 -1.22500  -0.65000  +20.00000
 -0.97500  -0.60000  +83.00000
 -1.12500  -0.70000  +10.00000
 -0.92500  -0.70000  +12.00000
 -1.22500  -0.55000  +22.00000
 -0.87500  -0.60000  +87.00000
 -0.97500  -0.30000  +153.00000
 -1.17500  +0.30000  +121.00000
 -1.57500  +0.00000  +7.00000
 -1.32500  -0.05000  +76.00000
 -1.22500  +0.00000  +103.00000
 -1.42500  -0.20000  +65.00000
 -1.47500  -0.10000  +58.00000
 -1.52500  -0.20000  +20.00000
 -1.42500  -0.00000  +49.00000
 -1.62500  -0.15000  +6.00000
 -1.32500  -0.30000  +83.00000
 -1.32500  -0.15000  +123.00000
 -0.77500  -0.60000  +91.00000
 -0.72500  -0.80000  +11.00000
 -0.57500  -0.35000  +81.00000
 -0.82500  -0.70000  +20.00000
 -0.67500  -0.65000  +57.00000
 -0.72500  -0.50000  +167.00000
 -0.82500  -0.50000  +125.00000
 -0.82500  +0.70000  +15.00000
 -0.82500  +0.50000  +140.00000
 -0.87500  +0.40000  +145.00000
 -0.72500  +0.65000  +52.00000
 -1.22500  -0.20000  +126.00000
 -1.37500  -0.60000  +3.00000
 -1.32500  -0.50000  +22.00000
 -1.27500  -0.40000  +57.00000
 -1.52500  -0.35000  +5.00000
 -1.42500  -0.40000  +11.00000
 -1.47500  -0.55000  +2.00000
 -0.07500  -0.20000  +64.00000
 +0.02500  -0.35000  +22.00000
 -0.07500  -0.05000  +104.00000
 -0.12500  -0.30000  +106.00000
 -1.02500  -0.80000  +4.00000
 -0.82500  -0.80000  +12.00000
 -0.32500  -0.30000  +110.00000
 -0.17500  -0.40000  +77.00000
 -0.07500  -0.45000  +25.00000
 -0.27500  -0.20000  +110.00000
 +0.07500  -0.50000  +1.00000
 -1.12500  -0.20000  +121.00000
 -0.67500  +0.50000  +126.00000
 -0.62500  +0.65000  +17.00000
 -1.07500  +0.35000  +125.00000
 -0.62500  +0.75000  +3.00000
 -0.57500  +0.45000  +104.00000
 -0.72500  +0.40000  +132.00000
 -0.62500  +0.35000  +127.00000
 -0.17500  -0.15000  +84.00000
 -0.87500  -0.40000  +145.00000
 -0.27500  +0.10000  +130.00000
 -0.22500  -0.00000  +93.00000
 -0.47500  -0.35000  +100.00000
 -0.37500  -0.40000  +73.00000
 -0.32500  -0.05000  +107.00000
 -1.17500  -0.10000  +109.00000
 -0.37500  -0.15000  +85.00000
 -0.37500  +0.05000  +136.00000
 -0.77500  -0.35000  +167.00000
 -0.67500  -0.40000  +83.00000
 -1.07500  -0.00000  +132.00000
 -0.52500  +0.65000  +3.00000
 -1.17500  +0.10000  +96.00000
 -0.37500  +0.25000  +136.00000
 -0.52500  -0.25000  +117.00000
 -0.67500  -0.25000  +119.00000
 -0.67500  +0.25000  +165.00000
 -0.77500  +0.25000  +113.00000
 -0.87500  -0.25000  +152.00000
 -0.97500  -0.10000  +133.00000
 -0.57500  +0.25000  +74.00000
 -0.47500  +0.15000  +147.00000
 -1.02500  -0.20000  +124.00000
 -0.47500  -0.10000  +75.00000
 -0.77500  -0.15000  +136.00000
 -0.57500  -0.15000  +98.00000
 -0.47500  +0.00000  +100.00000
 -0.62500  +0.05000  +83.00000
 -0.62500  +0.15000  +122.00000
 -0.87500  -0.00000  +150.00000
 -0.67500  -0.05000  +103.00000
 -0.57500  -0.05000  +76.00000
 -0.77500  -0.05000  +67.00000
