 +0.67500  +0.00000  +28.00000
 +0.57500  +0.20000  +17.00000
 +0.57500  +0.00000  +56.00000
 +0.72500  +0.10000  +17.00000
 +0.62500  +0.30000  +2.00000
 +0.47500  +0.20000  +34.00000
 +0.52500  +0.10000  +70.00000
 +0.62500  +0.10000  +17.00000
 +0.62500  -0.10000  +44.00000
 +0.37500  +0.05000  +91.00000
 +0.32500  -0.25000  +63.00000
 +0.47500  -0.20000  +73.00000
 +0.37500  -0.35000  +42.00000
 +0.27500  -0.40000  +32.00000
 +0.57500  -0.25000  +22.00000
 +0.37500  -0.15000  +65.00000
 +0.47500  -0.40000  +23.00000
 +0.47500  -0.55000  +2.00000
 +0.32500  -0.50000  +5.00000
 +0.22500  -0.30000  +56.00000
 +0.42500  -0.05000  +103.00000
 +0.52500  -0.10000  +55.00000
 +0.72500  -0.15000  +20.00000
 +0.77500  -0.05000  +2.00000
 +0.02500  +0.60000  +71.00000
 -0.07500  +0.70000  +31.00000
 -0.27500  +0.65000  +81.00000
 -0.12500  +0.60000  +60.00000
 -0.07500  +0.90000  +4.00000
 -0.17500  +0.75000  +38.00000
 +0.22500  +0.70000  +12.00000
 +0.07500  +0.75000  +27.00000
 -0.02500  +0.50000  +98.00000
 -0.02500  +0.80000  +11.00000
 +0.12500  +0.65000  +28.00000
 +0.27500  -0.05000  +125.00000
 +0.37500  +0.20000  +72.00000
 +0.27500  +0.15000  +108.00000
 -0.27500  +0.80000  +27.00000
 -0.37500  +0.75000  +12.00000
 -0.27500  +0.55000  +73.00000
 +0.12500  +0.50000  +106.00000
 +0.22500  +0.60000  +30.00000
 +0.37500  +0.50000  +13.00000
 +0.22500  +0.45000  +103.00000
 +0.07500  +0.40000  +107.00000
 +0.07500  +0.15000  +119.00000
 +0.12500  +0.30000  +94.00000
 -0.12500  +0.25000  +111.00000
 +0.02500  +0.30000  +120.00000
 +0.27500  +0.35000  +67.00000
 +0.42500  +0.35000  +7.00000
 +0.22500  +0.25000  +83.00000
 +0.07500  -0.25000  +85.00000
 +0.12500  -0.35000  +69.00000
 +0.17500  -0.45000  +35.00000
 +0.22500  -0.15000  +78.00000
 +0.12500  -0.10000  +109.00000
 -1.22500  +0.60000  +76.00000
 -1.12500  +0.65000  +75.00000
 -1.32500  +0.65000  +36.00000
 -1.22500  +0.70000  +59.00000
 -1.07500  +0.55000  +99.00000
 -1.12500  +0.75000  +48.00000
 -1.17500  +0.50000  +147.00000
 -1.02500  +0.70000  +41.00000
 -1.52500  +0.25000  +121.00000
 -1.62500  +0.10000  +55.00000
 -1.62500  +0.25000  +43.00000
 -1.67500  +0.35000  +12.00000
 -1.52500  +0.10000  +95.00000
 -1.67500  +0.00000  +21.00000
 -1.57500  +0.00000  +69.00000
 -1.42500  +0.25000  +99.00000
 -1.72500  +0.10000  +6.00000
 -1.72500  +0.25000  +8.00000
 -1.42500  +0.10000  +85.00000
 +0.17500  +0.05000  +111.00000
 -0.32500  +0.45000  +165.00000
 -0.42500  +0.65000  +101.00000
 -0.47500  +0.55000  +146.00000
 -0.17500  +0.50000  +83.00000
 -0.22500  +0.40000  +122.00000
 -0.07500  +0.40000  +110.00000
 -1.42500  +0.60000  +21.00000
 -1.47500  +0.40000  +59.00000
 -1.37500  +0.45000  +120.00000
 -1.27500  +0.35000  +134.00000
 -1.67500  +0.50000  +2.00000
 -1.32500  +0.55000  +84.00000
 -1.17500  +0.30000  +96.00000
 -1.52500  +0.55000  +7.00000
 -1.57500  +0.35000  +21.00000
 -0.02500  -0.45000  +45.00000
 +0.07500  -0.50000  +57.00000
 -0.12500  -0.50000  +36.00000
 +0.12500  -0.60000  +14.00000
 +0.02500  -0.65000  +3.00000
 -0.07500  -0.60000  +6.00000
 +0.02500  -0.35000  +71.00000
 -1.42500  +0.70000  +13.00000
 -1.37500  +0.80000  +1.00000
 -1.42500  -0.30000  +117.00000
 -1.52500  -0.45000  +53.00000
 -1.32500  -0.40000  +109.00000
 -1.62500  -0.35000  +18.00000
 -1.52500  -0.30000  +58.00000
 -1.42500  -0.45000  +66.00000
 -1.27500  -0.30000  +99.00000
 -1.62500  -0.65000  +3.00000
 -1.52500  -0.70000  +5.00000
 -1.42500  -0.60000  +50.00000
 -1.57500  -0.55000  +13.00000
 -1.27500  -0.60000  +86.00000
 -1.27500  -0.70000  +14.00000
 -1.37500  -0.70000  +22.00000
 -1.52500  -0.15000  +114.00000
 -1.62500  -0.20000  +37.00000
 -1.42500  -0.00000  +131.00000
 -1.42500  -0.15000  +100.00000
 -1.72500  -0.30000  +6.00000
 -1.77500  -0.05000  +2.00000
 -1.67500  -0.10000  +16.00000
 -0.87500  -0.50000  +160.00000
 -0.87500  -0.35000  +125.00000
 -0.77500  -0.55000  +147.00000
 -0.77500  -0.40000  +116.00000
 -0.97500  -0.70000  +68.00000
 -0.97500  -0.80000  +28.00000
 -1.07500  -0.85000  +13.00000
 -1.07500  -0.75000  +38.00000
 -1.17500  -0.70000  +25.00000
 -1.07500  -0.65000  +76.00000
 -1.17500  -0.80000  +18.00000
 -0.82500  -0.65000  +150.00000
 +0.07500  +0.00000  +123.00000
 -0.82500  -0.75000  +48.00000
 -1.07500  -0.45000  +103.00000
 -1.02500  -0.55000  +92.00000
 -0.92500  -0.60000  +139.00000
 -1.12500  -0.55000  +91.00000
 -1.22500  -0.50000  +115.00000
 -0.47500  -0.55000  +120.00000
 -0.27500  -0.55000  +32.00000
 -0.42500  -0.70000  +24.00000
 -0.32500  -0.65000  +35.00000
 -0.32500  -0.40000  +58.00000
 -0.57500  -0.80000  +11.00000
 -0.17500  -0.65000  +3.00000
 -0.67500  -0.65000  +57.00000
 -0.42500  -0.45000  +133.00000
 -0.62500  -0.55000  +118.00000
 -0.57500  -0.65000  +48.00000
 -0.97500  +0.60000  +62.00000
 -0.92500  +0.70000  +63.00000
 -0.97500  +0.50000  +116.00000
 -1.32500  -0.05000  +140.00000
 -0.97500  +0.80000  +22.00000
 -0.82500  +0.75000  +37.00000
 -0.82500  +0.60000  +92.00000
 -0.62500  +0.45000  +120.00000
 -0.57500  +0.55000  +129.00000
 -0.67500  +0.65000  +82.00000
 -0.57500  +0.70000  +80.00000
 -0.67500  +0.75000  +33.00000
 -0.72500  +0.55000  +102.00000
 -0.57500  +0.80000  +22.00000
 -0.72500  -0.75000  +48.00000
 -0.67500  -0.90000  +7.00000
 -0.82500  -0.85000  +6.00000
 -1.32500  +0.20000  +148.00000
 -0.02500  -0.15000  +133.00000
 -0.12500  -0.10000  +114.00000
 -0.02500  -0.05000  +114.00000
 -1.17500  -0.35000  +139.00000
 -1.32500  -0.20000  +142.00000
 -1.22500  -0.20000  +116.00000
 -0.47500  +0.80000  +25.00000
 -0.67500  -0.40000  +97.00000
 -0.82500  -0.25000  +124.00000
 -0.12500  -0.25000  +99.00000
 -0.17500  -0.35000  +85.00000
 -0.27500  -0.30000  +82.00000
 -0.97500  -0.45000  +86.00000
 -0.52500  +0.45000  +91.00000
 -0.02500  +0.20000  +119.00000
 -0.02500  +0.10000  +97.00000
 -1.27500  +0.10000  +125.00000
 -1.12500  +0.40000  +102.00000
 -0.57500  -0.45000  +114.00000
 -0.47500  +0.90000  +4.00000
 -0.87500  +0.50000  +82.00000
 -0.42500  +0.35000  +69.00000
 -0.22500  -0.45000  +69.00000
 -1.22500  +0.20000  +156.00000
 -0.27500  +0.30000  +76.00000
 -0.72500  +0.40000  +141.00000
 -0.12500  +0.05000  +99.00000
 -0.22500  +0.20000  +131.00000
 -0.52500  -0.35000  +121.00000
 -0.37500  +0.25000  +101.00000
 -1.17500  +0.05000  +105.00000
 -0.22500  -0.15000  +130.00000
 -0.37500  -0.25000  +114.00000
 -1.12500  -0.25000  +148.00000
 -1.02500  -0.35000  +110.00000
 -0.27500  +0.00000  +120.00000
 -1.12500  +0.20000  +73.00000
 -1.07500  +0.30000  +105.00000
 -1.02500  +0.40000  +115.00000
 -0.92500  +0.40000  +88.00000
 -0.52500  +0.30000  +105.00000
 -1.22500  -0.05000  +131.00000
 -1.12500  -0.05000  +100.00000
 -0.32500  +0.10000  +154.00000
 -1.07500  +0.10000  +94.00000
 -0.47500  +0.20000  +132.00000
 -0.62500  +0.30000  +85.00000
 -0.97500  -0.25000  +122.00000
 -0.77500  +0.30000  +100.00000
 -0.82500  +0.40000  +93.00000
 -0.87500  +0.25000  +117.00000
 -0.57500  -0.25000  +96.00000
 -0.47500  -0.20000  +153.00000
 -0.32500  -0.10000  +140.00000
 -0.72500  -0.30000  +95.00000
 -0.42500  -0.00000  +136.00000
 -0.97500  +0.25000  +121.00000
 -0.92500  +0.00000  +101.00000
 -1.07500  -0.15000  +102.00000
 -0.67500  -0.20000  +68.00000
 -0.77500  -0.15000  +84.00000
 -0.57500  +0.10000  +118.00000
 -0.67500  +0.20000  +112.00000
 -0.97500  -0.10000  +109.00000
 -1.02500  -0.00000  +74.00000
 -0.97500  +0.10000  +113.00000
 -0.82500  +0.15000  +117.00000
 -0.52500  -0.10000  +123.00000
 -0.62500  -0.10000  +109.00000
 -0.87500  -0.10000  +92.00000
 -0.67500  +0.05000  +140.00000
 -0.57500  -0.00000  +100.00000
 -0.72500  -0.05000  +112.00000
 -0.47500  +0.10000  +57.00000
 -0.77500  +0.05000  +116.00000
