 +0.87500  -0.55000  +83.00000
 +0.77500  -0.60000  +61.00000
 +0.87500  -0.40000  +74.00000
 +0.87500  -0.65000  +33.00000
 +0.97500  -0.60000  +20.00000
 +0.97500  -0.50000  +19.00000
 +0.77500  -0.45000  +106.00000
 +0.77500  +0.40000  +125.00000
 +0.72500  +0.50000  +34.00000
 +0.82500  +0.55000  +14.00000
 +0.87500  +0.35000  +60.00000
 +0.67500  +0.40000  +71.00000
 +0.92500  +0.60000  +7.00000
 +0.92500  +0.50000  +24.00000
 +0.82500  +0.25000  +130.00000
 +0.72500  +0.25000  +104.00000
 +0.92500  +0.25000  +34.00000
 +0.77500  +0.65000  +5.00000
 +0.67500  +0.60000  +29.00000
 +0.72500  -0.70000  +49.00000
 +0.57500  -0.70000  +121.00000
 +0.52500  -0.85000  +28.00000
 +0.67500  -0.80000  +30.00000
 +0.77500  -0.80000  +11.00000
 +0.47500  -0.65000  +99.00000
 +0.92500  -0.80000  +1.00000
 +0.57500  -0.55000  +130.00000
 +0.72500  -0.95000  +1.00000
 +0.67500  -0.60000  +77.00000
 +0.67500  -0.40000  +156.00000
 +0.97500  -0.20000  +75.00000
 +1.07500  -0.05000  +65.00000
 +1.17500  -0.05000  +16.00000
 +1.12500  +0.05000  +31.00000
 +0.97500  -0.10000  +82.00000
 +0.97500  +0.05000  +110.00000
 +1.12500  -0.15000  +23.00000
 +1.02500  +0.15000  +38.00000
 +1.32500  +0.00000  +2.00000
 +1.12500  +0.20000  +21.00000
 +1.27500  +0.15000  +1.00000
 +0.42500  -0.50000  +140.00000
 +0.47500  -0.75000  +57.00000
 +0.57500  -0.40000  +71.00000
 +0.77500  -0.30000  +102.00000
 +0.92500  -0.30000  +86.00000
 +0.62500  -0.30000  +107.00000
 +0.87500  -0.15000  +101.00000
 +0.72500  -0.20000  +148.00000
 +1.02500  -0.35000  +26.00000
 +1.07500  -0.25000  +12.00000
 +0.87500  -0.05000  +88.00000
 +0.97500  +0.35000  +40.00000
 -1.37500  +1.05000  +25.00000
 -1.47500  +1.00000  +39.00000
 -1.27500  +0.95000  +59.00000
 -1.47500  +0.90000  +80.00000
 -1.22500  +1.05000  +6.00000
 -1.32500  +0.85000  +164.00000
 -1.37500  +0.95000  +35.00000
 -1.57500  +1.00000  +14.00000
 -1.47500  +1.15000  +4.00000
 -1.57500  +1.10000  +6.00000
 -1.22500  +0.85000  +107.00000
 +0.32500  -0.75000  +68.00000
 +0.42500  -0.90000  +7.00000
 +0.62500  -0.90000  +1.00000
 +1.22500  +0.25000  +2.00000
 +0.87500  +0.10000  +113.00000
 +0.77500  +0.00000  +93.00000
 +0.77500  +0.15000  +116.00000
 +0.67500  +0.15000  +87.00000
 +0.37500  -0.65000  +105.00000
 +0.02500  +0.80000  +79.00000
 +0.17500  +0.80000  +80.00000
 +0.17500  +0.90000  +37.00000
 +0.02500  +1.00000  +31.00000
 -0.07500  +0.85000  +45.00000
 +0.07500  +0.90000  +61.00000
 +0.22500  +1.00000  +5.00000
 +0.07500  +1.10000  +3.00000
 +0.12500  +0.70000  +117.00000
 -0.17500  +1.00000  +53.00000
 +0.32500  +0.75000  +86.00000
 +0.27500  +0.85000  +65.00000
 +0.32500  +0.95000  +27.00000
 +0.47500  +0.80000  +35.00000
 +0.27500  +0.60000  +103.00000
 +0.42500  +0.90000  +11.00000
 -1.72500  +0.85000  +32.00000
 -1.57500  +0.85000  +126.00000
 -1.42500  +0.75000  +115.00000
 -1.57500  +0.70000  +116.00000
 +0.77500  -0.10000  +91.00000
 +0.52500  -0.25000  +108.00000
 +0.22500  -0.75000  +91.00000
 +0.27500  -0.60000  +115.00000
 +0.27500  -0.85000  +16.00000
 +0.17500  -0.65000  +105.00000
 +0.12500  -0.80000  +58.00000
 +0.62500  +0.30000  +100.00000
 +0.47500  -0.40000  +175.00000
 +0.07500  -0.70000  +76.00000
 +0.17500  -0.90000  +14.00000
 +0.32500  -0.95000  +4.00000
 -0.02500  -0.85000  +8.00000
 -1.67500  -0.65000  +170.00000
 -1.72500  -0.75000  +47.00000
 -1.57500  -0.65000  +104.00000
 -1.52500  -0.75000  +79.00000
 -1.62500  -0.80000  +40.00000
 -1.82500  -0.95000  +4.00000
 -1.72500  -0.85000  +39.00000
 -1.82500  -0.85000  +9.00000
 -1.82500  -0.75000  +18.00000
 -1.92500  -0.90000  +5.00000
 -1.97500  -0.75000  +12.00000
 -1.67500  -0.55000  +82.00000
 -1.47500  -0.65000  +99.00000
 +0.67500  -0.05000  +108.00000
 +0.57500  -0.15000  +128.00000
 +0.02500  -0.60000  +72.00000
 -0.02500  -0.75000  +35.00000
 +0.17500  -0.55000  +76.00000
 +0.57500  +0.40000  +36.00000
 +0.32500  -0.45000  +87.00000
 -1.12500  +0.95000  +25.00000
 -1.22500  +0.70000  +136.00000
 -1.32500  +0.70000  +140.00000
 -1.97500  -0.65000  +24.00000
 -1.87500  -0.50000  +72.00000
 -1.77500  -0.65000  +65.00000
 -1.77500  -0.55000  +84.00000
 -1.87500  -0.60000  +55.00000
 -1.97500  -0.55000  +48.00000
 -1.82500  -0.40000  +105.00000
 -2.07500  -0.70000  +8.00000
 +0.57500  +0.00000  +71.00000
 +0.52500  +0.50000  +80.00000
 +0.42500  +0.60000  +68.00000
 +0.42500  +0.50000  +112.00000
 +0.57500  +0.65000  +46.00000
 +0.47500  +0.70000  +56.00000
 +0.62500  +0.50000  +25.00000
 -1.67500  +0.75000  +105.00000
 +0.02500  +0.65000  +137.00000
 +0.47500  +0.40000  +78.00000
 +0.67500  +0.70000  +5.00000
 -1.12500  +0.70000  +81.00000
 -0.97500  +0.90000  +23.00000
 -1.07500  +0.85000  +74.00000
 -1.82500  +0.85000  +9.00000
 -1.57500  +0.55000  +151.00000
 -1.82500  +0.75000  +32.00000
 -2.07500  -0.45000  +51.00000
 -1.92500  -0.40000  +71.00000
 -2.12500  -0.60000  +3.00000
 -2.02500  -0.30000  +59.00000
 +0.57500  +0.85000  +2.00000
 -1.72500  +0.65000  +130.00000
 -1.72500  +0.55000  +131.00000
 -1.82500  +0.55000  +147.00000
 -1.82500  +0.65000  +39.00000
 -1.92500  +0.65000  +27.00000
 -0.37500  -1.10000  +10.00000
 -0.32500  -0.95000  +44.00000
 -0.22500  -1.00000  +27.00000
 -0.22500  -1.10000  +2.00000
 -0.42500  -1.00000  +38.00000
 -0.57500  -1.00000  +39.00000
 -0.22500  -0.90000  +11.00000
 -0.37500  -0.85000  +78.00000
 -0.27500  -0.80000  +66.00000
 +0.57500  +0.20000  +54.00000
 +0.52500  +0.30000  +74.00000
 -0.27500  +0.85000  +80.00000
 -0.32500  +0.95000  +67.00000
 -0.17500  +0.90000  +45.00000
 -0.12500  +1.15000  +1.00000
 -0.32500  +1.05000  +13.00000
 -0.17500  +0.80000  +68.00000
 -2.02500  +0.45000  +42.00000
 -1.92500  +0.45000  +74.00000
 -1.82500  +0.40000  +131.00000
 -1.97500  +0.55000  +58.00000
 -1.67500  +0.45000  +116.00000
 -2.02500  +0.65000  +17.00000
 -1.97500  +0.35000  +59.00000
 -1.87500  -0.25000  +118.00000
 -2.17500  -0.35000  +11.00000
 -2.12500  -0.25000  +35.00000
 -1.57500  -0.95000  +28.00000
 -1.52500  -0.85000  +64.00000
 -1.67500  -0.95000  +8.00000
 -1.42500  -0.80000  +93.00000
 -1.42500  -0.90000  +49.00000
 -1.47500  -1.00000  +17.00000
 -1.32500  -0.80000  +61.00000
 -1.72500  -0.45000  +113.00000
 -1.97500  +0.75000  +1.00000
 -0.52500  +1.10000  +21.00000
 -0.42500  +0.90000  +129.00000
 -0.67500  +1.05000  +14.00000
 -0.47500  +1.00000  +66.00000
 -0.57500  +1.00000  +61.00000
 -0.37500  +1.15000  +7.00000
 -0.57500  +0.90000  +98.00000
 +0.67500  +0.05000  +75.00000
 -1.22500  -0.90000  +21.00000
 -1.32500  -0.95000  +16.00000
 -1.37500  -0.70000  +112.00000
 -2.07500  -0.15000  +27.00000
 -1.97500  -0.20000  +74.00000
 -2.22500  -0.15000  +2.00000
 -2.02500  -0.05000  +58.00000
 +0.52500  +0.10000  +72.00000
 +0.47500  +0.20000  +124.00000
 +0.47500  -0.10000  +98.00000
 +0.42500  -0.20000  +125.00000
 -0.82500  -0.90000  +87.00000
 -0.82500  -0.80000  +170.00000
 -0.92500  -0.90000  +62.00000
 -0.87500  -1.00000  +18.00000
 -0.77500  -1.05000  +8.00000
 -1.02500  -0.90000  +61.00000
 -0.72500  -0.85000  +59.00000
 -0.67500  -0.95000  +33.00000
 -2.12500  +0.35000  +8.00000
 -1.87500  +0.30000  +133.00000
 -2.12500  +0.20000  +16.00000
 -2.17500  +0.45000  +1.00000
 -1.97500  +0.05000  +88.00000
 -1.97500  +0.20000  +61.00000
 -1.82500  +0.10000  +149.00000
 -1.87500  +0.00000  +128.00000
 -2.12500  +0.00000  +20.00000
 -1.57500  -0.55000  +41.00000
 +0.07500  +0.55000  +107.00000
 +0.17500  +0.55000  +120.00000
 -1.72500  +0.35000  +101.00000
 -1.77500  +0.25000  +141.00000
 -0.07500  +0.75000  +67.00000
 -0.32500  +0.75000  +123.00000
 -0.22500  +0.70000  +101.00000
 +0.37500  +0.40000  +105.00000
 -0.22500  -0.70000  +96.00000
 -0.07500  -0.65000  +75.00000
 +0.07500  -0.50000  +110.00000
 -0.12500  -0.75000  +60.00000
 -0.07500  -0.55000  +113.00000
 +0.37500  -0.35000  +173.00000
 -0.57500  -0.70000  +89.00000
 -0.52500  -0.85000  +105.00000
 -0.82500  -0.70000  +132.00000
 -0.62500  -0.85000  +46.00000
 -0.72500  -0.60000  +133.00000
 -0.67500  -0.75000  +114.00000
 -0.62500  -0.60000  +124.00000
 -0.62500  -1.10000  +2.00000
 -1.47500  +0.65000  +111.00000
 -1.72500  -0.30000  +143.00000
 -1.82500  -0.15000  +153.00000
 +0.22500  +0.45000  +152.00000
 -0.77500  +0.90000  +65.00000
 -0.72500  +0.80000  +178.00000
 -0.67500  +0.90000  +62.00000
 -0.62500  +0.80000  +160.00000
 +0.47500  +0.00000  +81.00000
 -1.17500  -0.70000  +159.00000
 -1.17500  -0.80000  +81.00000
 -1.17500  -1.00000  +6.00000
 -1.27500  -0.70000  +77.00000
 -1.17500  -0.60000  +59.00000
 -1.07500  -0.75000  +136.00000
 -1.77500  -0.05000  +136.00000
 -1.92500  -0.10000  +100.00000
 -1.62500  -0.45000  +127.00000
 -1.47500  -0.55000  +68.00000
 -0.07500  +0.55000  +78.00000
 -0.17500  -0.60000  +136.00000
 -0.37500  -0.70000  +70.00000
 +0.37500  +0.25000  +99.00000
 +0.12500  -0.40000  +103.00000
 -0.92500  -0.80000  +80.00000
 -0.17500  +0.60000  +79.00000
 -0.17500  +0.50000  +106.00000
 -1.37500  -0.60000  +57.00000
 -0.47500  -0.75000  +94.00000
 -0.52500  +0.80000  +119.00000
 -0.87500  +1.00000  +12.00000
 -0.82500  +0.80000  +68.00000
 -0.72500  +0.70000  +107.00000
 -1.57500  -0.15000  +112.00000
 -1.67500  -0.10000  +125.00000
 -1.72500  +0.10000  +121.00000
 -1.47500  +0.55000  +81.00000
 -1.52500  +0.45000  +142.00000
 -1.67500  +0.25000  +79.00000
 -1.12500  -0.90000  +27.00000
 -0.97500  -0.65000  +160.00000
 -0.97500  -1.00000  +13.00000
 +0.22500  -0.45000  +103.00000
 +0.27500  -0.25000  +125.00000
 -1.32500  +0.60000  +131.00000
 +0.02500  +0.45000  +72.00000
 +0.32500  +0.10000  +109.00000
 +0.22500  +0.30000  +105.00000
 +0.37500  +0.00000  +101.00000
 +0.37500  -0.10000  +99.00000
 -0.67500  +0.60000  +75.00000
 -0.62500  +0.70000  +63.00000
 -0.32500  -0.55000  +160.00000
 -1.62500  -0.25000  +136.00000
 -1.02500  +0.75000  +106.00000
 -0.92500  +0.80000  +102.00000
 -0.87500  +0.70000  +97.00000
 -1.52500  -0.45000  +125.00000
 +0.12500  +0.35000  +112.00000
 +0.27500  +0.20000  +119.00000
 -0.52500  +0.70000  +114.00000
 -1.17500  +0.60000  +102.00000
 -0.02500  -0.40000  +113.00000
 -0.17500  -0.45000  +105.00000
 -0.47500  -0.65000  +79.00000
 -0.37500  +0.60000  +136.00000
 -0.27500  +0.55000  +132.00000
 -1.42500  +0.45000  +124.00000
 +0.17500  -0.30000  +142.00000
 +0.22500  -0.15000  +123.00000
 +0.27500  -0.05000  +102.00000
 -1.57500  +0.30000  +114.00000
 -1.27500  -0.60000  +26.00000
 +0.12500  -0.20000  +102.00000
 -0.82500  +0.60000  +118.00000
 -1.52500  -0.30000  +171.00000
 -0.97500  +0.65000  +110.00000
 -0.87500  +0.90000  +31.00000
 -1.27500  +0.50000  +205.00000
 -1.62500  -0.00000  +150.00000
 -1.62500  +0.15000  +127.00000
 -0.57500  +0.60000  +69.00000
 -0.07500  +0.40000  +83.00000
 -1.42500  -0.45000  +102.00000
 -1.27500  -0.50000  +154.00000
 -1.52500  +0.15000  +119.00000
 -1.12500  +0.50000  +140.00000
 +0.12500  +0.20000  +95.00000
 +0.02500  +0.25000  +86.00000
 -0.42500  -0.50000  +123.00000
 -0.52500  -0.55000  +109.00000
 +0.22500  +0.05000  +101.00000
 -1.07500  -0.65000  +62.00000
 -1.07500  -0.50000  +145.00000
 -0.47500  +0.55000  +109.00000
 -0.82500  -0.60000  +39.00000
 -0.82500  -0.50000  +152.00000
 +0.12500  +0.00000  +113.00000
 +0.07500  -0.10000  +117.00000
 -1.47500  +0.05000  +112.00000
 -0.92500  +0.55000  +148.00000
 -1.02500  +0.50000  +123.00000
 -1.07500  +0.60000  +95.00000
 -1.47500  +0.35000  +116.00000
 -1.42500  +0.25000  +113.00000
 +0.07500  -0.30000  +79.00000
 -0.07500  -0.25000  +87.00000
 -1.37500  +0.35000  +152.00000
 -0.12500  -0.35000  +107.00000
 +0.02500  -0.20000  +102.00000
 -1.22500  +0.40000  +127.00000
 -0.37500  +0.45000  +92.00000
 -1.42500  -0.25000  +144.00000
 -0.97500  -0.55000  +72.00000
 -1.37500  -0.35000  +134.00000
 -1.22500  -0.40000  +116.00000
 -0.22500  +0.40000  +90.00000
 -0.07500  +0.25000  +114.00000
 -1.17500  -0.50000  +100.00000
 -1.47500  -0.05000  +130.00000
 +0.07500  +0.10000  +104.00000
 -0.67500  -0.50000  +180.00000
 -0.57500  -0.40000  +96.00000
 -0.22500  -0.30000  +95.00000
 -0.27500  -0.40000  +154.00000
 -0.67500  +0.50000  +140.00000
 -0.02500  +0.05000  +104.00000
 -0.32500  +0.35000  +144.00000
 -0.52500  +0.45000  +121.00000
 -0.07500  -0.10000  +126.00000
 -0.92500  -0.45000  +145.00000
 -0.47500  -0.40000  +121.00000
 -0.17500  -0.20000  +90.00000
 -0.77500  +0.50000  +116.00000
 -0.62500  +0.40000  +96.00000
 -1.32500  -0.25000  +139.00000
 -1.27500  +0.30000  +183.00000
 -1.37500  +0.15000  +144.00000
 -1.37500  -0.15000  +119.00000
 -0.22500  +0.20000  +93.00000
 -0.87500  +0.40000  +141.00000
 -1.22500  -0.25000  +106.00000
 -0.12500  +0.05000  +131.00000
 -0.02500  +0.15000  +65.00000
 -0.17500  +0.30000  +95.00000
 -1.12500  -0.40000  +123.00000
 -0.77500  -0.40000  +124.00000
 -0.47500  +0.30000  +129.00000
 -0.37500  -0.30000  +126.00000
 -1.12500  +0.30000  +79.00000
 -1.07500  +0.40000  +119.00000
 -0.22500  -0.10000  +113.00000
 -0.47500  -0.20000  +118.00000
 -0.97500  +0.40000  +83.00000
 -1.37500  +0.05000  +77.00000
 -1.12500  -0.25000  +104.00000
 -1.27500  +0.05000  +130.00000
 -1.32500  -0.05000  +102.00000
 -0.37500  +0.20000  +136.00000
 -0.27500  +0.10000  +87.00000
 -0.82500  -0.30000  +127.00000
 -0.32500  -0.15000  +125.00000
 -0.67500  -0.25000  +158.00000
 -0.52500  -0.30000  +66.00000
 -1.17500  +0.20000  +121.00000
 -1.27500  -0.15000  +85.00000
 -0.72500  +0.40000  +91.00000
 -0.57500  +0.30000  +99.00000
 -1.02500  -0.30000  +147.00000
 -0.42500  +0.10000  +124.00000
 -1.17500  +0.05000  +104.00000
 -0.27500  +0.00000  +144.00000
 -0.77500  +0.30000  +136.00000
 -0.67500  +0.30000  +90.00000
 -0.92500  -0.30000  +93.00000
 -0.52500  +0.20000  +135.00000
 -0.92500  +0.30000  +119.00000
 -0.42500  -0.10000  +116.00000
 -1.02500  +0.30000  +63.00000
 -0.97500  +0.15000  +134.00000
 -0.57500  -0.20000  +134.00000
 -0.67500  +0.15000  +137.00000
 -1.17500  -0.15000  +122.00000
 -1.07500  -0.15000  +115.00000
 -1.07500  +0.20000  +117.00000
 -1.22500  -0.05000  +109.00000
 -1.12500  -0.05000  +99.00000
 -0.57500  +0.05000  +127.00000
 -0.52500  -0.05000  +160.00000
 -1.07500  +0.05000  +123.00000
 -0.82500  +0.20000  +83.00000
 -0.62500  -0.05000  +80.00000
 -0.97500  -0.10000  +141.00000
 -0.77500  +0.10000  +100.00000
 -0.87500  -0.15000  +138.00000
 -0.77500  -0.20000  +94.00000
 -0.72500  -0.05000  +113.00000
 -0.97500  +0.00000  +126.00000
 -0.87500  +0.10000  +55.00000
 -0.82500  +0.00000  +114.00000
 -0.42500  +0.00000  +12.00000
 -0.67500  +0.05000  +53.00000
