 -0.77500  -0.15000  +52.00000
 -0.92500  -0.10000  +16.00000
 -0.77500  -0.05000  +100.00000
 -0.62500  +0.05000  +118.00000
 -0.62500  -0.15000  +63.00000
 -0.67500  -0.05000  +60.00000
 -0.57500  -0.05000  +72.00000
 -0.82500  +0.05000  +48.00000
 -0.72500  +0.05000  +77.00000
 -0.67500  -0.25000  +11.00000
 -0.57500  +0.15000  +43.00000
 -0.47500  +0.05000  +64.00000
 -0.42500  +0.15000  +25.00000
 -0.52500  -0.15000  +46.00000
 -0.32500  +0.20000  +2.00000
 -0.27500  +0.10000  +1.00000
 -0.67500  +0.20000  +44.00000
 -0.47500  +0.25000  +5.00000
 -0.42500  -0.10000  +23.00000
 -0.77500  +0.20000  +22.00000
 -0.87500  +0.20000  +2.00000
 -0.92500  +0.10000  +1.00000
 -0.82500  -0.25000  +2.00000
 -0.57500  -0.30000  +3.00000
