 +0.57500  -1.05000  +36.00000
 +0.77500  -0.75000  +110.00000
 +0.82500  -0.90000  +73.00000
 +1.12500  -0.80000  +49.00000
 +1.12500  -0.95000  +11.00000
 +1.22500  -0.90000  +7.00000
 +1.02500  -0.80000  +43.00000
 +0.62500  -0.85000  +129.00000
 +0.72500  -0.85000  +111.00000
 +0.67500  -0.75000  +111.00000
 +1.02500  -0.90000  +25.00000
 +0.87500  -0.80000  +75.00000
 +0.52500  -0.95000  +61.00000
 +0.72500  -1.05000  +15.00000
 +0.67500  -0.95000  +76.00000
 +0.47500  -1.10000  +9.00000
 +1.07500  +0.70000  +37.00000
 +1.17500  +0.70000  +25.00000
 +0.97500  +0.65000  +107.00000
 +1.12500  +0.55000  +47.00000
 +0.97500  +0.75000  +28.00000
 +1.27500  +0.60000  +8.00000
 +1.02500  +0.55000  +79.00000
 +1.12500  -0.55000  +65.00000
 +1.17500  -0.65000  +48.00000
 +1.22500  -0.50000  +53.00000
 +1.07500  -0.65000  +68.00000
 +0.97500  -0.65000  +125.00000
 +1.02500  -0.55000  +79.00000
 +1.27500  -0.60000  +18.00000
 +1.07500  -0.45000  +96.00000
 +1.27500  -0.70000  +6.00000
 +1.22500  -0.80000  +4.00000
 +0.87500  -0.65000  +124.00000
 +1.12500  -0.25000  +128.00000
 +0.92500  -0.30000  +123.00000
 +1.22500  -0.35000  +52.00000
 +1.32500  -0.30000  +16.00000
 +1.32500  -0.50000  +6.00000
 +1.42500  -0.50000  +4.00000
 +0.82500  -1.05000  +7.00000
 +0.92500  -0.95000  +12.00000
 +0.92500  -0.50000  +122.00000
 +1.42500  -0.10000  +44.00000
 +1.47500  +0.10000  +69.00000
 +1.27500  -0.05000  +104.00000
 +1.57500  -0.05000  +10.00000
 +1.37500  +0.00000  +118.00000
 +1.57500  +0.15000  +16.00000
 +1.32500  +0.20000  +114.00000
 +1.42500  +0.20000  +72.00000
 +1.37500  +0.35000  +61.00000
 +1.52500  +0.35000  +11.00000
 +1.22500  +0.30000  +68.00000
 +1.27500  +0.40000  +40.00000
 +1.12500  +0.25000  +125.00000
 +1.42500  +0.45000  +2.00000
 +1.27500  +0.10000  +135.00000
 +1.67500  +0.25000  +1.00000
 +1.37500  -0.20000  +23.00000
 +1.17500  +0.00000  +115.00000
 +1.22500  -0.15000  +97.00000
 +0.77500  -0.60000  +115.00000
 -1.72500  +1.05000  +74.00000
 -1.77500  +0.95000  +98.00000
 -1.57500  +1.05000  +138.00000
 -1.62500  +1.20000  +13.00000
 -1.72500  +1.15000  +19.00000
 -1.67500  +0.95000  +113.00000
 -1.57500  +0.95000  +133.00000
 -1.82500  +1.10000  +16.00000
 -1.92500  +1.15000  +3.00000
 -1.72500  +1.25000  +7.00000
 -1.97500  +1.05000  +2.00000
 +0.87500  +0.80000  +31.00000
 +0.82500  +0.70000  +152.00000
 +0.87500  +0.55000  +153.00000
 +1.07500  +0.80000  +7.00000
 +0.22500  -0.90000  +113.00000
 +0.32500  -1.10000  +17.00000
 +0.37500  -0.90000  +75.00000
 +0.12500  -1.00000  +33.00000
 +0.27500  -1.00000  +63.00000
 +0.27500  -0.80000  +106.00000
 +0.42500  -1.00000  +27.00000
 -1.27500  +1.10000  +41.00000
 -1.17500  +1.10000  +22.00000
 -1.37500  +1.20000  +7.00000
 -1.42500  +1.10000  +68.00000
 -1.32500  +1.00000  +133.00000
 -1.12500  +1.20000  +7.00000
 -1.22500  +1.20000  +5.00000
 -1.22500  +1.00000  +70.00000
 -1.07500  +1.10000  +17.00000
 -1.02500  +1.20000  +2.00000
 +0.92500  +0.45000  +107.00000
 +1.22500  +0.50000  +7.00000
 +1.07500  +0.45000  +53.00000
 +1.02500  +0.35000  +120.00000
 +0.77500  +0.55000  +118.00000
 -1.77500  +0.80000  +174.00000
 -1.67500  +0.85000  +121.00000
 -1.97500  +0.95000  +9.00000
 -1.87500  +0.95000  +12.00000
 -1.87500  +0.85000  +71.00000
 +0.37500  +1.00000  +57.00000
 +0.27500  +1.05000  +63.00000
 +0.27500  +0.95000  +81.00000
 +0.47500  +1.10000  +6.00000
 +0.22500  +1.15000  +28.00000
 +0.22500  +0.85000  +123.00000
 +0.12500  +1.05000  +78.00000
 +0.12500  +0.95000  +84.00000
 +0.37500  +1.15000  +7.00000
 +1.02500  -0.10000  +128.00000
 +1.47500  -0.20000  +1.00000
 +1.17500  +0.40000  +26.00000
 +1.07500  +0.15000  +190.00000
 +0.67500  -0.65000  +159.00000
 +0.57500  -0.70000  +125.00000
 +0.67500  -0.55000  +102.00000
 -1.47500  +1.00000  +105.00000
 -1.42500  +0.90000  +179.00000
 -1.52500  +1.20000  +7.00000
 -1.32500  +0.90000  +85.00000
 +1.17500  +0.15000  +131.00000
 +0.07500  -0.90000  +65.00000
 -0.02500  -1.00000  +34.00000
 +0.17500  -1.10000  +16.00000
 -0.02500  +1.10000  +50.00000
 +0.17500  +1.25000  +8.00000
 +0.07500  +1.15000  +42.00000
 -0.02500  +1.25000  +11.00000
 -0.12500  +1.20000  +37.00000
 +0.47500  -0.85000  +108.00000
 +0.82500  +0.90000  +33.00000
 +0.67500  +1.05000  +10.00000
 +0.72500  +0.85000  +91.00000
 +0.72500  +0.95000  +42.00000
 +0.57500  +0.85000  +100.00000
 +0.77500  +1.05000  +12.00000
 +0.67500  +0.75000  +130.00000
 +0.62500  +0.95000  +24.00000
 -0.22500  -1.15000  +42.00000
 -0.12500  -1.00000  +44.00000
 -0.07500  -1.20000  +19.00000
 -0.32500  -1.20000  +18.00000
 -0.12500  -1.10000  +31.00000
 -0.22500  -1.25000  +21.00000
 -0.32500  -1.10000  +45.00000
 -0.22500  -1.05000  +32.00000
 -2.07500  -0.75000  +61.00000
 -1.92500  -0.80000  +148.00000
 -2.12500  -0.85000  +22.00000
 -2.02500  -0.90000  +72.00000
 -1.82500  -0.90000  +107.00000
 -1.92500  -0.90000  +55.00000
 -2.22500  -0.75000  +24.00000
 -2.17500  -0.95000  +1.00000
 -2.07500  -1.00000  +10.00000
 +1.12500  -0.10000  +78.00000
 +1.07500  +0.00000  +110.00000
 +0.97500  +0.05000  +139.00000
 -2.17500  +0.75000  +64.00000
 -2.32500  +0.70000  +21.00000
 -2.17500  +0.65000  +52.00000
 -2.27500  +0.85000  +6.00000
 -2.27500  +0.60000  +40.00000
 -2.02500  +0.75000  +104.00000
 +0.82500  +0.40000  +101.00000
 +0.87500  +0.30000  +149.00000
 +0.97500  -0.40000  +85.00000
 +0.82500  -0.45000  +132.00000
 +1.02500  -0.30000  +106.00000
 +0.72500  -0.45000  +81.00000
 +0.92500  +0.95000  +2.00000
 -0.32500  -1.00000  +80.00000
 -0.07500  -0.90000  +55.00000
 -0.22500  -0.95000  +101.00000
 +0.07500  -1.10000  +6.00000
 +0.67500  +0.65000  +122.00000
 -1.57500  +0.85000  +55.00000
 -2.42500  -0.25000  +37.00000
 -2.47500  -0.10000  +20.00000
 -2.27500  -0.20000  +59.00000
 -2.57500  -0.20000  +12.00000
 -2.32500  -0.05000  +65.00000
 -2.37500  -0.15000  +53.00000
 -2.42500  -0.00000  +39.00000
 -0.17500  +1.10000  +53.00000
 -0.32500  +1.30000  +6.00000
 -0.27500  +1.15000  +49.00000
 -0.07500  +1.00000  +83.00000
 +0.92500  -0.10000  +106.00000
 +0.02500  +0.95000  +85.00000
 -0.07500  +0.90000  +69.00000
 +0.97500  +0.20000  +165.00000
 +0.87500  +0.10000  +116.00000
 +0.37500  +0.90000  +103.00000
 +0.37500  +0.80000  +93.00000
 +0.47500  +0.95000  +60.00000
 +0.72500  +0.30000  +122.00000
 +0.97500  -0.20000  +81.00000
 +0.02500  +0.85000  +95.00000
 +0.02500  +0.75000  +130.00000
 +0.77500  -0.35000  +98.00000
 +0.82500  -0.25000  +126.00000
 -2.27500  -0.55000  +45.00000
 -2.12500  -0.50000  +110.00000
 -2.37500  -0.60000  +4.00000
 -2.12500  -0.65000  +77.00000
 -2.02500  -0.55000  +169.00000
 -2.27500  -0.65000  +24.00000
 -2.22500  -0.45000  +47.00000
 -2.37500  -0.70000  +8.00000
 -1.92500  -0.55000  +94.00000
 +0.42500  -0.75000  +100.00000
 +0.72500  +0.45000  +86.00000
 -1.97500  -0.70000  +112.00000
 -1.87500  -0.70000  +68.00000
 -1.82500  -0.80000  +50.00000
 -1.87500  -1.00000  +35.00000
 +0.57500  +0.75000  +43.00000
 +0.57500  +0.65000  +57.00000
 +0.47500  +0.75000  +174.00000
 -1.52500  -1.10000  +37.00000
 -1.72500  -1.05000  +53.00000
 -1.67500  -1.20000  +11.00000
 -1.57500  -0.95000  +74.00000
 -1.62500  -1.05000  +54.00000
 -1.67500  -0.95000  +96.00000
 -1.47500  -1.00000  +69.00000
 -1.62500  -0.85000  +112.00000
 -1.72500  -0.80000  +90.00000
 -0.87500  -1.10000  +50.00000
 -0.67500  -1.05000  +70.00000
 -0.77500  -1.10000  +56.00000
 -0.67500  -1.20000  +25.00000
 -0.87500  -1.20000  +12.00000
 -0.82500  -1.00000  +99.00000
 -0.77500  -1.20000  +19.00000
 -0.72500  -0.95000  +105.00000
 -1.97500  -1.05000  +6.00000
 -1.82500  -1.10000  +1.00000
 +0.47500  -0.65000  +157.00000
 -0.42500  +1.10000  +108.00000
 -0.42500  +1.25000  +39.00000
 -0.57500  +1.15000  +41.00000
 -0.57500  +1.25000  +34.00000
 -0.47500  +1.00000  +129.00000
 -2.47500  +0.50000  +3.00000
 -2.37500  +0.55000  +17.00000
 -2.22500  +0.40000  +87.00000
 -2.27500  +0.30000  +56.00000
 -2.32500  +0.45000  +68.00000
 -2.17500  +0.25000  +88.00000
 -2.42500  +0.40000  +19.00000
 -2.32500  +0.20000  +39.00000
 -2.17500  +0.50000  +110.00000
 -2.12500  +0.35000  +119.00000
 -0.57500  -1.05000  +54.00000
 -0.97500  -1.10000  +18.00000
 -0.52500  -0.95000  +158.00000
 -0.52500  -1.15000  +43.00000
 -0.52500  -1.30000  +2.00000
 +0.57500  -0.55000  +105.00000
 -1.32500  -1.05000  +35.00000
 -1.37500  -0.95000  +107.00000
 -1.42500  -1.10000  +16.00000
 -0.22500  +1.25000  +4.00000
 -0.27500  +1.05000  +59.00000
 -0.32500  +0.95000  +125.00000
 -1.42500  -0.85000  +133.00000
 -1.52500  -0.85000  +55.00000
 -1.32500  -1.20000  +1.00000
 -2.07500  -0.30000  +144.00000
 -2.37500  -0.45000  +11.00000
 -2.32500  -0.35000  +47.00000
 -2.22500  -0.30000  +86.00000
 -1.97500  -0.20000  +128.00000
 +0.82500  -0.05000  +122.00000
 +0.77500  +0.15000  +119.00000
 -2.52500  +0.10000  +16.00000
 -2.57500  +0.25000  +8.00000
 -2.42500  +0.25000  +33.00000
 -2.27500  +0.10000  +80.00000
 +0.12500  +0.80000  +112.00000
 +0.22500  +0.70000  +118.00000
 -1.92500  +0.75000  +79.00000
 -1.77500  +0.65000  +85.00000
 -1.77500  -0.70000  +81.00000
 -0.42500  -0.90000  +97.00000
 -0.42500  -1.05000  +77.00000
 -2.02500  +0.60000  +124.00000
 -1.87500  +0.65000  +122.00000
 -2.02500  +0.85000  +7.00000
 -1.12500  +0.85000  +102.00000
 -1.22500  +0.90000  +75.00000
 -1.12500  +0.95000  +103.00000
 +0.22500  -0.65000  +125.00000
 +0.32500  -0.70000  +124.00000
 +0.12500  -0.75000  +88.00000
 -1.92500  +0.50000  +147.00000
 -2.02500  +0.45000  +155.00000
 +0.67500  +0.55000  +89.00000
 +0.57500  +0.55000  +33.00000
 -2.02500  +0.20000  +95.00000
 -2.12500  +0.15000  +97.00000
 +0.62500  +0.40000  +138.00000
 -1.42500  +0.80000  +78.00000
 -1.67500  +0.70000  +129.00000
 +0.62500  -0.45000  +99.00000
 +0.72500  +0.05000  +170.00000
 +0.67500  +0.20000  +123.00000
 -0.22500  -0.85000  +83.00000
 -2.17500  -0.05000  +98.00000
 -1.67500  -0.70000  +102.00000
 +0.72500  -0.10000  +77.00000
 +0.72500  -0.20000  +127.00000
 -1.97500  -0.40000  +116.00000
 +0.47500  +0.65000  +107.00000
 +0.47500  +0.55000  +96.00000
 +0.37500  -0.60000  +78.00000
 +0.52500  -0.45000  +94.00000
 +0.42500  -0.50000  +109.00000
 -0.22500  +0.90000  +119.00000
 -0.02500  -0.80000  +57.00000
 +0.67500  -0.35000  +81.00000
 -1.67500  +0.60000  +51.00000
 +0.32500  +0.65000  +134.00000
 -1.82500  -0.60000  +76.00000
 -1.57500  -0.75000  +131.00000
 +0.12500  +0.65000  +108.00000
 -2.17500  -0.15000  +96.00000
 -2.07500  -0.10000  +133.00000
 -0.72500  +1.05000  +87.00000
 -0.82500  +0.95000  +130.00000
 -0.67500  +0.95000  +128.00000
 -0.87500  +1.05000  +85.00000
 -0.72500  +1.15000  +15.00000
 -0.97500  +1.05000  +32.00000
 -0.97500  +0.95000  +94.00000
 -0.57500  +1.00000  +108.00000
 -0.82500  +1.15000  +5.00000
 -2.17500  +0.05000  +94.00000
 -2.02500  +0.00000  +157.00000
 +0.22500  +0.60000  +82.00000
 -0.52500  +0.90000  +126.00000
 -0.62500  -0.95000  +75.00000
 -0.52500  -0.80000  +164.00000
 +0.52500  +0.40000  +108.00000
 +0.27500  -0.55000  +82.00000
 -1.52500  +0.75000  +97.00000
 -1.82500  +0.55000  +111.00000
 -1.87500  -0.45000  +117.00000
 -0.37500  +0.85000  +122.00000
 -0.22500  +0.75000  +96.00000
 +0.62500  +0.05000  +87.00000
 +0.57500  -0.35000  +63.00000
 -1.57500  -0.65000  +127.00000
 -1.47500  -0.75000  +101.00000
 +0.57500  +0.25000  +148.00000
 -1.97500  +0.30000  +127.00000
 -1.87500  +0.35000  +126.00000
 +0.62500  -0.25000  +107.00000
 +0.62500  -0.05000  +95.00000
 +0.37500  +0.50000  +122.00000
 -1.92500  +0.15000  +135.00000
 -0.62500  -0.85000  +91.00000
 -0.92500  -1.00000  +54.00000
 -0.82500  -0.90000  +98.00000
 -0.77500  -0.80000  +123.00000
 -1.57500  +0.60000  +53.00000
 -1.37500  -0.75000  +92.00000
 -1.32500  -0.85000  +80.00000
 -1.92500  +0.00000  +125.00000
 +0.12500  -0.60000  +72.00000
 -0.97500  -0.85000  +118.00000
 -1.07500  -0.95000  +94.00000
 -1.07500  -1.10000  +7.00000
 -1.17500  -0.95000  +60.00000
 -0.87500  -0.75000  +144.00000
 +0.17500  -0.50000  +126.00000
 -0.37500  -0.80000  +101.00000
 -0.17500  -0.75000  +92.00000
 +0.32500  -0.45000  +131.00000
 -1.32500  +0.75000  +150.00000
 +0.02500  -0.70000  +88.00000
 -1.72500  -0.60000  +69.00000
 -0.92500  +0.85000  +116.00000
 -0.77500  +0.85000  +101.00000
 -0.97500  +0.75000  +136.00000
 -0.87500  +0.75000  +138.00000
 -1.02500  +0.85000  +61.00000
 +0.52500  +0.00000  +111.00000
 +0.57500  -0.15000  +68.00000
 -0.32500  -0.70000  +71.00000
 +0.47500  +0.30000  +121.00000
 +0.32500  +0.40000  +132.00000
 -0.67500  +0.85000  +90.00000
 +0.52500  -0.25000  +101.00000
 +0.42500  -0.35000  +141.00000
 -1.22500  -0.80000  +136.00000
 -1.12500  -0.80000  +95.00000
 -1.77500  +0.10000  +133.00000
 -0.07500  -0.65000  +109.00000
 +0.02500  +0.60000  +101.00000
 -0.12500  +0.70000  +98.00000
 -0.12500  +0.80000  +48.00000
 -1.72500  -0.50000  +98.00000
 -1.77500  -0.40000  +91.00000
 -1.92500  -0.30000  +111.00000
 -1.67500  +0.50000  +142.00000
 -1.07500  +0.75000  +102.00000
 -1.82500  -0.30000  +94.00000
 -1.27500  -0.95000  +39.00000
 +0.37500  +0.30000  +117.00000
 -0.37500  +0.75000  +86.00000
 -0.47500  +0.80000  +77.00000
 -1.87500  -0.20000  +94.00000
 -1.92500  -0.10000  +131.00000
 -1.62500  -0.45000  +87.00000
 -1.57500  -0.55000  +99.00000
 +0.17500  +0.50000  +117.00000
 -1.47500  +0.65000  +91.00000
 -1.32500  +0.65000  +91.00000
 -0.22500  +0.60000  +101.00000
 -1.77500  +0.45000  +94.00000
 +0.07500  +0.50000  +90.00000
 -0.57500  +0.75000  +97.00000
 -0.67500  -0.75000  +113.00000
 -0.47500  -0.65000  +123.00000
 -0.57500  -0.65000  +118.00000
 -1.82500  +0.25000  +128.00000
 +0.47500  -0.15000  +93.00000
 +0.47500  +0.10000  +123.00000
 -1.02500  -0.75000  +118.00000
 -1.47500  -0.65000  +73.00000
 -1.17500  +0.75000  +136.00000
 -1.82500  -0.10000  +99.00000
 -0.12500  +0.55000  +82.00000
 -1.37500  -0.65000  +104.00000
 -1.27500  -0.70000  +102.00000
 +0.22500  -0.30000  +183.00000
 +0.22500  +0.35000  +85.00000
 +0.07500  -0.40000  +175.00000
 +0.02500  -0.55000  +141.00000
 -0.17500  -0.60000  +117.00000
 -0.32500  +0.65000  +120.00000
 -0.47500  +0.65000  +137.00000
 -1.72500  +0.20000  +117.00000
 -1.72500  +0.35000  +150.00000
 -1.57500  +0.35000  +116.00000
 -1.47500  +0.55000  +74.00000
 -1.57500  +0.50000  +84.00000
 -1.17500  +0.65000  +134.00000
 -0.62500  +0.65000  +130.00000
 -0.72500  +0.75000  +92.00000
 +0.42500  -0.05000  +98.00000
 -1.72500  -0.15000  +123.00000
 -1.67500  -0.35000  +107.00000
 -1.57500  -0.35000  +75.00000
 -0.12500  -0.45000  +171.00000
 +0.12500  +0.40000  +106.00000
 -0.02500  +0.45000  +112.00000
 -1.17500  -0.65000  +117.00000
 +0.37500  +0.15000  +111.00000
 +0.27500  +0.25000  +95.00000
 +0.37500  -0.20000  +115.00000
 -1.67500  +0.10000  +114.00000
 -1.47500  -0.55000  +109.00000
 +0.27500  +0.10000  +130.00000
 -1.67500  -0.05000  +148.00000
 -1.62500  -0.20000  +140.00000
 -1.82500  +0.00000  +84.00000
 -0.17500  +0.45000  +133.00000
 +0.32500  +0.00000  +151.00000
 -1.07500  -0.60000  +93.00000
 -1.47500  +0.40000  +106.00000
 -0.27500  -0.50000  +164.00000
 -1.07500  +0.65000  +71.00000
 -1.27500  -0.60000  +61.00000
 -1.37500  -0.55000  +80.00000
 -0.32500  +0.55000  +105.00000
 -0.42500  +0.50000  +114.00000
 -0.32500  -0.60000  +60.00000
 +0.12500  +0.25000  +106.00000
 +0.02500  +0.30000  +111.00000
 -1.62500  +0.25000  +118.00000
 +0.27500  -0.15000  +125.00000
 +0.12500  -0.25000  +145.00000
 -1.57500  +0.15000  +97.00000
 -0.57500  +0.55000  +118.00000
 -0.72500  +0.65000  +76.00000
 -0.92500  +0.65000  +127.00000
 -0.67500  -0.65000  +112.00000
 -0.77500  -0.65000  +106.00000
 -1.52500  +0.25000  +134.00000
 -0.82500  +0.60000  +143.00000
 -0.47500  -0.50000  +123.00000
 -1.42500  -0.40000  +129.00000
 -1.37500  +0.55000  +99.00000
 -1.32500  +0.45000  +84.00000
 -1.27500  +0.55000  +114.00000
 -1.17500  +0.55000  +90.00000
 -1.52500  -0.45000  +88.00000
 -1.57500  -0.00000  +169.00000
 -0.97500  -0.60000  +112.00000
 -0.57500  -0.55000  +55.00000
 -0.02500  -0.35000  +139.00000
 -0.07500  +0.30000  +105.00000
 -0.87500  -0.55000  +128.00000
 -0.27500  +0.40000  +134.00000
 +0.12500  +0.10000  +102.00000
 -0.67500  -0.55000  +71.00000
 -0.77500  -0.50000  +88.00000
 -1.17500  -0.55000  +80.00000
 -1.32500  -0.40000  +87.00000
 -1.27500  -0.50000  +142.00000
 -0.97500  +0.50000  +133.00000
 -1.07500  +0.55000  +74.00000
 -1.37500  +0.35000  +136.00000
 +0.17500  -0.10000  +131.00000
 +0.02500  -0.15000  +177.00000
 -1.37500  -0.30000  +156.00000
 -1.47500  -0.30000  +87.00000
 -1.52500  -0.20000  +104.00000
 -1.47500  -0.00000  +128.00000
 -0.77500  +0.50000  +138.00000
 -0.87500  +0.50000  +80.00000
 -0.22500  -0.40000  +143.00000
 -0.12500  -0.25000  +130.00000
 -0.02500  -0.05000  +95.00000
 +0.07500  +0.00000  +132.00000
 -0.17500  +0.25000  +129.00000
 -0.07500  +0.15000  +112.00000
 -1.22500  +0.40000  +107.00000
 -0.67500  +0.40000  +99.00000
 -0.67500  +0.55000  +75.00000
 -0.52500  +0.45000  +107.00000
 -0.92500  -0.45000  +155.00000
 -1.07500  -0.50000  +129.00000
 +0.02500  +0.15000  +73.00000
 -0.42500  -0.40000  +136.00000
 -0.72500  -0.40000  +100.00000
 -1.22500  -0.40000  +101.00000
 -0.37500  -0.30000  +108.00000
 -0.22500  -0.15000  +103.00000
 -0.02500  +0.05000  +64.00000
 -1.07500  +0.40000  +166.00000
 -1.42500  -0.15000  +152.00000
 -0.27500  -0.25000  +148.00000
 -0.12500  -0.10000  +111.00000
 -1.42500  +0.25000  +129.00000
 -1.37500  +0.10000  +129.00000
 -1.47500  +0.10000  +79.00000
 -0.22500  +0.05000  +134.00000
 -0.32500  +0.30000  +100.00000
 -0.92500  +0.40000  +107.00000
 -0.12500  +0.00000  +99.00000
 -0.42500  +0.35000  +140.00000
 -1.27500  +0.25000  +126.00000
 -1.52500  -0.10000  +95.00000
 -0.62500  -0.45000  +79.00000
 -0.57500  -0.35000  +115.00000
 -1.17500  +0.30000  +110.00000
 -0.82500  -0.40000  +93.00000
 -1.27500  -0.30000  +68.00000
 -1.32500  -0.15000  +110.00000
 -1.37500  -0.00000  +117.00000
 -1.17500  -0.30000  +84.00000
 -1.12500  -0.40000  +87.00000
 -1.02500  -0.35000  +93.00000
 -0.72500  +0.30000  +89.00000
 -0.37500  -0.15000  +129.00000
 -0.27500  -0.05000  +111.00000
 -0.47500  -0.25000  +109.00000
 -0.27500  +0.20000  +96.00000
 -0.37500  +0.15000  +98.00000
 -0.37500  +0.05000  +154.00000
 -0.82500  +0.35000  +116.00000
 -1.27500  +0.10000  +43.00000
 -0.62500  +0.25000  +65.00000
 -0.52500  +0.20000  +123.00000
 -0.57500  +0.35000  +122.00000
 -0.67500  -0.30000  +179.00000
 -0.47500  -0.10000  +144.00000
 -0.57500  -0.20000  +112.00000
 -1.02500  -0.20000  +115.00000
 -1.22500  -0.20000  +112.00000
 -1.27500  +0.00000  +123.00000
 -0.92500  -0.30000  +123.00000
 -0.77500  -0.30000  +102.00000
 -1.07500  +0.25000  +133.00000
 -1.17500  +0.15000  +88.00000
 -0.97500  +0.25000  +101.00000
 -0.72500  -0.10000  +151.00000
 -0.62500  +0.05000  +108.00000
 -0.47500  +0.10000  +89.00000
 -0.52500  +0.00000  +108.00000
 -0.87500  +0.25000  +75.00000
 -1.07500  -0.05000  +101.00000
 -1.17500  -0.10000  +104.00000
 -1.12500  -0.20000  +78.00000
 -0.82500  -0.20000  +123.00000
 -0.62500  -0.05000  +153.00000
 -1.17500  +0.05000  +116.00000
 -0.92500  -0.15000  +153.00000
 -0.77500  +0.20000  +86.00000
 -0.67500  +0.15000  +80.00000
 -1.02500  +0.15000  +127.00000
 -0.82500  +0.10000  +118.00000
 -0.92500  +0.15000  +107.00000
 -0.82500  -0.05000  +117.00000
 -0.72500  +0.00000  +128.00000
 -0.92500  +0.00000  +200.00000
 -1.07500  +0.05000  +105.00000
