 -0.22500  +0.40000  +36.00000
 -0.07500  +0.40000  +19.00000
 -0.17500  +0.20000  +102.00000
 -0.27500  +0.30000  +76.00000
 -0.12500  +0.30000  +72.00000
 -0.37500  +0.35000  +76.00000
 -0.17500  +0.50000  +3.00000
 -0.32500  +0.45000  +32.00000
 -0.52500  +0.45000  +84.00000
 -0.47500  +0.30000  +118.00000
 -0.62500  +0.50000  +59.00000
 -0.42500  +0.50000  +60.00000
 -0.47500  +0.65000  +7.00000
 -0.57500  +0.60000  +21.00000
 -0.82500  +0.50000  +56.00000
 -0.67500  +0.60000  +11.00000
 -0.57500  +0.35000  +105.00000
 -0.72500  +0.50000  +28.00000
 -0.67500  +0.35000  +108.00000
 -0.07500  -0.10000  +29.00000
 -0.02500  +0.20000  +59.00000
 -0.02500  +0.00000  +28.00000
 +0.02500  -0.15000  +2.00000
 +0.12500  +0.25000  +7.00000
 -0.07500  +0.10000  +79.00000
 +0.07500  -0.05000  +15.00000
 +0.17500  +0.05000  +5.00000
 +0.07500  +0.10000  +15.00000
 -0.22500  +0.10000  +91.00000
 +0.22500  +0.20000  +4.00000
 -0.92500  -0.50000  +90.00000
 -1.07500  -0.30000  +115.00000
 -1.02500  -0.40000  +98.00000
 -1.17500  -0.40000  +12.00000
 -1.07500  -0.50000  +27.00000
 -0.92500  -0.30000  +101.00000
 -0.82500  -0.40000  +87.00000
 -0.97500  -0.20000  +151.00000
 -1.07500  -0.60000  +5.00000
 -0.97500  -0.60000  +6.00000
 +0.02500  +0.30000  +12.00000
 -0.97500  +0.60000  +1.00000
 -0.92500  +0.40000  +88.00000
 -1.02500  +0.40000  +54.00000
 -0.87500  +0.30000  +157.00000
 -0.97500  +0.50000  +41.00000
 -1.07500  +0.55000  +12.00000
 -0.87500  +0.15000  +167.00000
 -0.22500  +0.00000  +96.00000
 -0.82500  -0.25000  +127.00000
 -0.82500  -0.55000  +14.00000
 -0.32500  +0.60000  +1.00000
 -0.42500  +0.15000  +96.00000
 -0.32500  +0.20000  +134.00000
 -1.02500  +0.25000  +107.00000
 -1.17500  +0.35000  +20.00000
 -0.77500  +0.35000  +119.00000
 -1.12500  +0.45000  +9.00000
 -1.12500  +0.25000  +35.00000
 -0.97500  +0.15000  +82.00000
 -1.07500  +0.15000  +67.00000
 -1.12500  -0.10000  +100.00000
 -1.22500  -0.30000  +14.00000
 -1.02500  -0.05000  +143.00000
 -1.17500  -0.20000  +51.00000
 -1.22500  +0.05000  +78.00000
 -1.12500  +0.05000  +78.00000
 -1.27500  -0.05000  +29.00000
 -1.22500  +0.20000  +22.00000
 -1.32500  +0.05000  +8.00000
 -1.27500  +0.30000  +3.00000
 -0.32500  +0.05000  +95.00000
 -0.17500  -0.20000  +23.00000
 -0.47500  -0.15000  +108.00000
 -0.32500  -0.20000  +76.00000
 -0.22500  -0.10000  +41.00000
 -0.37500  -0.05000  +177.00000
 -1.27500  -0.15000  +12.00000
 -1.37500  -0.05000  +6.00000
 -1.02500  +0.05000  +121.00000
 -0.72500  +0.25000  +132.00000
 -0.62500  +0.25000  +101.00000
 -0.72500  -0.35000  +162.00000
 -0.67500  -0.50000  +41.00000
 -0.57500  -0.45000  +29.00000
 -0.62500  -0.35000  +82.00000
 -0.52500  -0.30000  +89.00000
 -0.72500  -0.60000  +8.00000
 -0.92500  +0.05000  +98.00000
 -0.87500  -0.15000  +141.00000
 -0.92500  -0.05000  +76.00000
 -0.27500  -0.30000  +24.00000
 -0.22500  -0.40000  +3.00000
 -0.47500  -0.45000  +34.00000
 -0.42500  -0.25000  +64.00000
 -0.37500  -0.35000  +29.00000
 -0.62500  -0.20000  +144.00000
 -0.42500  -0.55000  +3.00000
 -0.47500  +0.05000  +131.00000
 -0.52500  +0.20000  +111.00000
 -0.57500  +0.00000  +118.00000
 -0.82500  -0.05000  +131.00000
 -0.77500  +0.15000  +84.00000
 -0.62500  -0.60000  +1.00000
 -0.77500  -0.15000  +129.00000
 -0.67500  +0.15000  +103.00000
 -0.57500  +0.10000  +114.00000
 -0.82500  +0.05000  +65.00000
 -0.57500  -0.10000  +111.00000
 -0.67500  -0.05000  +184.00000
 -0.72500  +0.05000  +135.00000
