 +1.12500  -0.80000  +75.00000
 +1.07500  -0.90000  +52.00000
 +0.97500  -0.85000  +116.00000
 +1.22500  -0.85000  +85.00000
 +1.22500  -0.95000  +16.00000
 +1.12500  -0.70000  +87.00000
 +1.32500  -0.95000  +6.00000
 +1.32500  -0.85000  +6.00000
 +1.12500  -1.00000  +24.00000
 +1.22500  -0.75000  +65.00000
 +1.37500  -0.75000  +25.00000
 +1.27500  -0.65000  +81.00000
 +1.02500  -0.75000  +88.00000
 +1.17500  -0.60000  +101.00000
 +1.12500  +0.65000  +128.00000
 +1.07500  +0.55000  +109.00000
 +1.17500  +0.50000  +86.00000
 +1.22500  +0.40000  +83.00000
 +1.22500  +0.65000  +43.00000
 +1.17500  +0.80000  +41.00000
 +1.27500  +0.55000  +31.00000
 +1.37500  +0.55000  +16.00000
 +1.47500  +0.70000  +1.00000
 +1.27500  +0.80000  +10.00000
 +1.32500  +0.65000  +18.00000
 +0.92500  -0.70000  +115.00000
 +1.07500  -0.60000  +115.00000
 +0.97500  -0.60000  +93.00000
 +1.42500  -0.65000  +7.00000
 +1.37500  -0.55000  +43.00000
 +1.27500  -0.55000  +114.00000
 +1.22500  -0.40000  +92.00000
 +1.47500  -0.55000  +7.00000
 +1.32500  -0.45000  +83.00000
 +1.42500  -0.40000  +34.00000
 +1.52500  -0.45000  +7.00000
 +1.12500  -0.45000  +162.00000
 +1.37500  -0.30000  +41.00000
 +1.67500  +0.10000  +30.00000
 +1.52500  +0.25000  +67.00000
 +1.57500  +0.40000  +21.00000
 +1.77500  +0.20000  +15.00000
 +1.67500  +0.25000  +59.00000
 +1.72500  +0.35000  +15.00000
 +1.57500  +0.10000  +35.00000
 +1.87500  +0.20000  +1.00000
 +1.82500  +0.35000  +2.00000
 +1.47500  +0.45000  +31.00000
 +1.32500  +0.40000  +73.00000
 +1.42500  +0.30000  +75.00000
 +1.47500  +0.60000  +4.00000
 +1.32500  +0.20000  +111.00000
 +1.12500  +0.35000  +79.00000
 +1.27500  +0.30000  +120.00000
 +1.17500  +0.25000  +149.00000
 +0.87500  -0.95000  +84.00000
 +0.82500  -0.75000  +116.00000
 +0.97500  -1.00000  +28.00000
 +0.77500  -0.85000  +128.00000
 +0.72500  -1.00000  +109.00000
 +1.42500  -0.20000  +88.00000
 +1.57500  -0.25000  +21.00000
 +1.27500  -0.15000  +166.00000
 +1.52500  -0.10000  +64.00000
 +1.62500  -0.15000  +22.00000
 +1.42500  -0.05000  +84.00000
 +0.57500  -0.90000  +100.00000
 +0.67500  -0.85000  +145.00000
 +0.57500  -1.00000  +69.00000
 +0.67500  -0.75000  +144.00000
 +0.47500  -0.95000  +133.00000
 +0.87500  -1.10000  +6.00000
 -1.67500  +1.15000  +75.00000
 -1.62500  +1.30000  +6.00000
 -1.57500  +1.15000  +64.00000
 -1.87500  +1.10000  +82.00000
 -1.97500  +1.10000  +19.00000
 -1.87500  +1.00000  +72.00000
 -2.12500  +1.05000  +5.00000
 -1.82500  +1.20000  +33.00000
 -2.07500  +0.95000  +22.00000
 -1.72500  +1.25000  +32.00000
 -1.87500  +1.35000  +9.00000
 -1.97500  +0.90000  +83.00000
 -1.92500  +1.20000  +9.00000
 -1.77500  +1.35000  +3.00000
 +0.72500  -1.10000  +12.00000
 -1.72500  +1.00000  +114.00000
 -1.97500  +1.00000  +24.00000
 -1.62500  +1.05000  +139.00000
 -2.07500  +1.15000  +3.00000
 -1.77500  +1.10000  +72.00000
 -1.77500  +0.90000  +124.00000
 +1.47500  +0.15000  +89.00000
 +1.52500  +0.00000  +51.00000
 +1.62500  +0.00000  +28.00000
 +1.72500  +0.00000  +12.00000
 +1.42500  +0.05000  +101.00000
 -2.17500  -0.80000  +66.00000
 -2.07500  -0.85000  +80.00000
 -2.17500  -0.90000  +49.00000
 -2.32500  -1.00000  +5.00000
 -2.07500  -0.95000  +49.00000
 -2.12500  -1.05000  +12.00000
 -2.17500  -0.70000  +58.00000
 -2.27500  -0.85000  +18.00000
 -2.27500  -1.10000  +5.00000
 -2.42500  -0.95000  +3.00000
 -1.27500  +1.05000  +97.00000
 -1.37500  +1.10000  +115.00000
 -1.17500  +1.05000  +93.00000
 -1.12500  +1.15000  +65.00000
 -1.37500  +1.20000  +21.00000
 -1.32500  +1.30000  +10.00000
 -1.22500  +1.15000  +70.00000
 -1.17500  +1.25000  +33.00000
 -1.22500  +0.95000  +106.00000
 -0.97500  +1.15000  +27.00000
 -1.07500  +1.25000  +6.00000
 -1.07500  +1.05000  +108.00000
 +0.97500  +0.85000  +105.00000
 +1.07500  +0.80000  +33.00000
 +1.02500  +0.95000  +19.00000
 +0.97500  +0.75000  +83.00000
 +0.87500  +0.75000  +86.00000
 +1.12500  +0.95000  +5.00000
 +1.02500  +0.65000  +52.00000
 +0.87500  +1.05000  +33.00000
 +0.87500  +0.95000  +45.00000
 +0.97500  +1.05000  +6.00000
 +0.72500  +0.90000  +121.00000
 +0.92500  +0.65000  +117.00000
 +0.97500  +0.55000  +94.00000
 +0.62500  -1.10000  +12.00000
 +1.02500  -0.50000  +125.00000
 +0.92500  -0.50000  +113.00000
 +1.32500  +0.00000  +93.00000
 +1.12500  -0.25000  +94.00000
 +1.27500  -0.30000  +80.00000
 +1.47500  -0.30000  +14.00000
 +1.17500  -0.15000  +64.00000
 +0.72500  +1.05000  +61.00000
 +0.57500  +0.90000  +91.00000
 +0.62500  +1.00000  +67.00000
 +0.72500  +0.80000  +124.00000
 +0.62500  +1.10000  +21.00000
 -2.17500  +0.75000  +67.00000
 -2.32500  +0.80000  +42.00000
 -2.22500  +0.85000  +35.00000
 -2.37500  +0.70000  +34.00000
 -2.27500  +0.65000  +81.00000
 -2.22500  +0.95000  +6.00000
 -2.07500  +0.80000  +86.00000
 -2.47500  +0.75000  +10.00000
 -2.42500  +0.85000  +4.00000
 -2.32500  +0.90000  +3.00000
 +1.02500  +0.40000  +126.00000
 +0.92500  +0.40000  +110.00000
 +1.02500  -0.35000  +103.00000
 +1.27500  +0.10000  +106.00000
 +0.17500  +1.05000  +89.00000
 +0.32500  +1.20000  +18.00000
 +0.32500  +1.10000  +58.00000
 +0.12500  +1.20000  +28.00000
 +0.22500  +1.25000  +12.00000
 +0.37500  +1.00000  +66.00000
 +0.02500  +1.10000  +100.00000
 +0.52500  +1.10000  +45.00000
 -0.02500  +1.20000  +50.00000
 +0.22500  +1.15000  +49.00000
 +0.22500  +0.95000  +146.00000
 -1.87500  +0.90000  +45.00000
 -1.82500  +0.80000  +111.00000
 -0.12500  -1.10000  +91.00000
 -0.17500  -1.25000  +11.00000
 -0.27500  -1.20000  +60.00000
 -0.22500  -1.05000  +192.00000
 -0.07500  -1.00000  +82.00000
 +0.07500  -1.05000  +33.00000
 -0.02500  -1.20000  +15.00000
 +0.12500  -1.15000  +13.00000
 -0.07500  -1.30000  +4.00000
 -0.37500  -1.15000  +61.00000
 -2.22500  +0.55000  +95.00000
 -2.42500  +0.95000  +1.00000
 -2.37500  +0.60000  +59.00000
 -2.07500  +0.60000  +81.00000
 -1.47500  +1.10000  +75.00000
 -1.52500  +0.95000  +93.00000
 -1.47500  +1.20000  +18.00000
 +0.82500  +0.85000  +66.00000
 +0.42500  +1.15000  +27.00000
 +0.47500  +0.95000  +97.00000
 +0.42500  +0.85000  +134.00000
 -0.17500  +1.15000  +91.00000
 -0.12500  +1.25000  +20.00000
 -0.22500  +1.30000  +31.00000
 +0.02500  +1.00000  +75.00000
 -0.02500  +1.30000  +5.00000
 -0.12500  +1.35000  +6.00000
 -0.07500  +1.05000  +109.00000
 +0.72500  +1.15000  +5.00000
 +1.22500  +0.00000  +83.00000
 -2.57500  -0.35000  +22.00000
 -2.42500  -0.10000  +89.00000
 -2.57500  -0.05000  +41.00000
 -2.47500  -0.25000  +69.00000
 -2.62500  -0.15000  +29.00000
 -2.37500  -0.20000  +100.00000
 -2.77500  -0.20000  +8.00000
 -2.82500  -0.30000  +1.00000
 -2.67500  -0.25000  +4.00000
 -2.72500  -0.35000  +3.00000
 -2.47500  -0.00000  +68.00000
 -1.82500  -0.95000  +130.00000
 -1.72500  -1.15000  +22.00000
 -1.82500  -1.15000  +24.00000
 -1.72500  -0.95000  +92.00000
 -1.97500  -1.15000  +4.00000
 -1.67500  -1.05000  +60.00000
 -1.77500  -1.05000  +58.00000
 -1.97500  -1.00000  +89.00000
 -1.87500  -1.05000  +61.00000
 -1.62500  -1.15000  +33.00000
 +0.37500  -0.85000  +129.00000
 +0.52500  -0.80000  +143.00000
 +0.47500  -0.65000  +120.00000
 -0.17500  -0.90000  +92.00000
 -0.22500  -0.80000  +99.00000
 -0.27500  -0.95000  +169.00000
 +0.17500  -1.00000  +40.00000
 +0.07500  -0.95000  +49.00000
 +0.32500  -0.75000  +104.00000
 +0.57500  -0.70000  +106.00000
 +0.52500  +1.20000  +11.00000
 +1.07500  +0.25000  +72.00000
 +1.17500  +0.10000  +120.00000
 -1.67500  +1.40000  +1.00000
 -1.42500  +1.00000  +68.00000
 -1.32500  +0.95000  +87.00000
 -1.47500  +1.30000  +3.00000
 -1.62500  +0.90000  +117.00000
 +0.87500  -0.60000  +109.00000
 +1.02500  -0.15000  +101.00000
 +0.97500  +0.30000  +96.00000
 +0.77500  -0.65000  +69.00000
 -1.37500  -1.05000  +59.00000
 -1.42500  -1.20000  +40.00000
 -1.52500  -1.20000  +14.00000
 -1.27500  -1.20000  +38.00000
 -1.27500  -1.10000  +43.00000
 -1.17500  -1.10000  +22.00000
 +1.12500  -0.05000  +91.00000
 -2.37500  -0.70000  +41.00000
 -2.42500  -0.80000  +8.00000
 -2.37500  -0.60000  +22.00000
 -2.37500  -0.50000  +89.00000
 -2.32500  -0.40000  +100.00000
 -2.47500  -0.65000  +7.00000
 -2.17500  -0.35000  +90.00000
 -2.52500  -0.75000  +8.00000
 -2.27500  -0.65000  +87.00000
 -2.27500  -0.75000  +41.00000
 -2.22500  -0.50000  +115.00000
 -2.57500  -0.55000  +7.00000
 -2.12500  -0.60000  +74.00000
 -2.47500  -0.45000  +44.00000
 -0.62500  -1.15000  +39.00000
 -0.52500  -1.20000  +49.00000
 -0.42500  -1.25000  +38.00000
 -0.57500  -1.35000  +13.00000
 -0.67500  -1.30000  +7.00000
 -0.57500  -1.05000  +130.00000
 -0.67500  -1.05000  +83.00000
 -0.42500  -1.05000  +115.00000
 -0.72500  -1.15000  +71.00000
 -1.92500  -0.75000  +136.00000
 -1.92500  -0.85000  +109.00000
 +1.07500  +0.05000  +128.00000
 +0.37500  -1.00000  +85.00000
 +0.47500  -1.10000  +29.00000
 +0.32500  -1.10000  +42.00000
 +0.27500  -0.95000  +124.00000
 +0.32500  -1.20000  +5.00000
 -2.02500  -0.65000  +105.00000
 -2.02500  -0.75000  +53.00000
 +0.72500  +0.70000  +112.00000
 +0.62500  +0.80000  +63.00000
 -1.62500  -1.25000  +11.00000
 -1.52500  -1.00000  +115.00000
 -1.62500  -0.95000  +86.00000
 -1.52500  -1.10000  +48.00000
 -1.72500  -1.30000  +2.00000
 -1.82500  -0.85000  +117.00000
 -0.37500  +1.20000  +93.00000
 -0.27500  +1.10000  +101.00000
 -0.22500  +1.00000  +144.00000
 -0.32500  +1.35000  +24.00000
 -0.47500  +1.25000  +35.00000
 -0.47500  +1.40000  +7.00000
 +0.87500  +0.50000  +103.00000
 +0.52500  +0.75000  +109.00000
 +0.17500  -0.90000  +107.00000
 +0.22500  -0.80000  +102.00000
 +0.02500  -0.85000  +87.00000
 -0.87500  -1.15000  +100.00000
 -1.02500  -1.25000  +5.00000
 -0.97500  -1.15000  +46.00000
 -0.77500  -1.25000  +26.00000
 -0.77500  -1.00000  +96.00000
 -0.87500  -1.25000  +7.00000
 -0.87500  -1.05000  +68.00000
 -0.97500  -1.00000  +80.00000
 -1.97500  +0.75000  +108.00000
 -2.32500  +0.45000  +79.00000
 -2.37500  +0.35000  +116.00000
 -2.57500  +0.45000  +12.00000
 -2.52500  +0.55000  +14.00000
 -2.42500  +0.50000  +82.00000
 -2.52500  +0.35000  +50.00000
 +0.62500  -0.60000  +98.00000
 +0.77500  +0.55000  +143.00000
 -2.62500  +0.05000  +16.00000
 -2.47500  +0.20000  +93.00000
 -2.57500  +0.15000  +36.00000
 -2.62500  +0.30000  +19.00000
 -2.67500  +0.20000  +7.00000
 -1.42500  -0.95000  +116.00000
 -1.27500  -1.00000  +38.00000
 -1.42500  -0.85000  +138.00000
 -2.07500  +0.70000  +47.00000
 -0.07500  -0.85000  +96.00000
 +0.97500  +0.00000  +163.00000
 +1.02500  +0.15000  +139.00000
 -2.17500  +0.45000  +150.00000
 -2.22500  +0.25000  +168.00000
 -2.32500  +0.10000  +175.00000
 -2.72500  +0.10000  +2.00000
 +0.92500  -0.15000  +99.00000
 +0.87500  -0.00000  +91.00000
 +0.82500  -0.10000  +113.00000
 +0.97500  -0.25000  +125.00000
 -2.22500  -0.05000  +115.00000
 -2.72500  -0.10000  +2.00000
 -0.97500  +1.05000  +75.00000
 -1.02500  +0.90000  +193.00000
 -1.12500  +0.95000  +88.00000
 -0.87500  +1.10000  +56.00000
 +0.87500  -0.25000  +125.00000
 -1.42500  +0.90000  +99.00000
 -0.12500  +0.95000  +121.00000
 +0.77500  -0.45000  +108.00000
 +0.87500  -0.40000  +107.00000
 +0.72500  -0.55000  +131.00000
 -1.52500  -0.90000  +98.00000
 -0.02500  +0.90000  +112.00000
 +0.07500  +0.85000  +131.00000
 +0.22500  +0.85000  +109.00000
 +0.72500  -0.35000  +148.00000
 +0.32500  +0.90000  +105.00000
 +0.27500  +0.75000  +166.00000
 -0.67500  -0.95000  +141.00000
 -2.12500  -0.45000  +129.00000
 +0.62500  -0.50000  +189.00000
 -1.87500  -0.65000  +160.00000
 -1.97500  -0.55000  +107.00000
 -1.67500  +0.80000  +158.00000
 +0.62500  +0.60000  +130.00000
 +0.67500  +0.50000  +183.00000
 -1.67500  -0.80000  +161.00000
 -1.77500  -0.75000  +102.00000
 -2.07500  +0.50000  +108.00000
 -1.97500  +0.65000  +56.00000
 +0.82500  +0.30000  +115.00000
 +0.77500  +0.40000  +88.00000
 +0.92500  +0.15000  +109.00000
 -2.12500  +0.15000  +137.00000
 -0.57500  +1.00000  +78.00000
 -0.57500  +1.10000  +60.00000
 -0.67500  +1.10000  +55.00000
 -0.57500  +1.20000  +16.00000
 -0.67500  +1.00000  +63.00000
 -0.57500  +1.35000  +3.00000
 -0.42500  +1.10000  +81.00000
 -0.77500  +1.25000  +2.00000
 -0.47500  +1.00000  +128.00000
 -0.77500  +1.15000  +20.00000
 -0.67500  +1.20000  +5.00000
 -2.42500  -0.35000  +60.00000
 -2.27500  -0.30000  +94.00000
 +0.12500  +0.75000  +81.00000
 +0.32500  -0.65000  +97.00000
 +0.52500  +0.60000  +103.00000
 +0.62500  +0.70000  +47.00000
 -0.42500  -0.95000  +103.00000
 -2.12500  -0.00000  +134.00000
 -2.32500  -0.00000  +57.00000
 -2.27500  -0.15000  +114.00000
 -2.17500  -0.20000  +122.00000
 -0.37500  +0.95000  +116.00000
 -0.82500  +1.00000  +94.00000
 -0.87500  +0.90000  +165.00000
 -0.77500  +0.90000  +116.00000
 -1.52500  +0.85000  +106.00000
 -1.42500  +0.80000  +101.00000
 -0.22500  +0.90000  +93.00000
 -0.87500  -0.95000  +82.00000
 -2.12500  +0.30000  +149.00000
 -1.67500  -0.70000  +130.00000
 +0.52500  -0.55000  +104.00000
 +0.37500  +0.65000  +109.00000
 +0.77500  -0.20000  +96.00000
 -2.02500  +0.25000  +149.00000
 -1.87500  +0.70000  +93.00000
 -1.87500  +0.60000  +68.00000
 -1.57500  +0.75000  +117.00000
 -1.77500  +0.70000  +83.00000
 +0.57500  +0.50000  +89.00000
 +0.62500  -0.35000  +147.00000
 -1.17500  +0.85000  +151.00000
 +0.82500  +0.10000  +88.00000
 -0.67500  +1.35000  +1.00000
 -0.52500  +0.90000  +83.00000
 -0.57500  -0.95000  +71.00000
 -0.77500  -0.90000  +99.00000
 -1.97500  +0.45000  +105.00000
 +0.07500  -0.75000  +85.00000
 +0.17500  -0.70000  +106.00000
 -0.02500  +0.75000  +91.00000
 -2.07500  -0.15000  +80.00000
 -0.12500  +0.80000  +90.00000
 -0.47500  -0.85000  +111.00000
 -0.32500  -0.85000  +106.00000
 -1.57500  -0.80000  +91.00000
 +0.72500  +0.30000  +84.00000
 +0.77500  +0.20000  +106.00000
 +0.17500  +0.65000  +92.00000
 -1.77500  +0.60000  +65.00000
 -1.77500  -0.65000  +102.00000
 -1.87500  -0.55000  +80.00000
 -1.77500  -0.55000  +77.00000
 -0.32500  +0.85000  +128.00000
 -1.97500  -0.35000  +93.00000
 -2.07500  -0.30000  +99.00000
 -0.02500  -0.65000  +74.00000
 -0.02500  -0.75000  +52.00000
 -1.92500  -0.45000  +95.00000
 -1.07500  -1.05000  +55.00000
 -0.87500  -0.85000  +92.00000
 -0.97500  -0.90000  +89.00000
 +0.27500  +0.60000  +59.00000
 -1.07500  -0.95000  +67.00000
 -1.22500  -0.90000  +87.00000
 -1.12500  -1.20000  +8.00000
 -1.17500  -1.00000  +50.00000
 +0.67500  -0.25000  +108.00000
 +0.47500  +0.50000  +153.00000
 +0.42500  -0.45000  +128.00000
 +0.52500  -0.40000  +114.00000
 +0.62500  +0.35000  +99.00000
 +0.42500  +0.40000  +102.00000
 +0.52500  +0.30000  +124.00000
 +0.67500  +0.20000  +83.00000
 +0.72500  -0.05000  +129.00000
 -0.22500  +0.75000  +131.00000
 -0.12500  +0.65000  +87.00000
 -1.32500  -0.85000  +127.00000
 -1.47500  -0.70000  +140.00000
 +0.57500  -0.20000  +75.00000
 -1.47500  +0.70000  +138.00000
 -1.27500  +0.85000  +82.00000
 +0.37500  -0.55000  +113.00000
 +0.67500  +0.05000  +138.00000
 -0.67500  +0.90000  +70.00000
 -1.92500  +0.20000  +149.00000
 -2.02500  +0.10000  +129.00000
 -1.97500  -0.20000  +144.00000
 -0.57500  -0.85000  +124.00000
 -1.87500  +0.50000  +128.00000
 -1.57500  +0.60000  +120.00000
 -1.67500  +0.60000  +78.00000
 -0.72500  -0.80000  +156.00000
 +0.17500  -0.60000  +76.00000
 -1.67500  -0.60000  +99.00000
 -1.82500  -0.45000  +119.00000
 -1.02500  +0.80000  +109.00000
 -0.37500  -0.70000  +112.00000
 -2.02500  -0.05000  +75.00000
 -1.92500  -0.00000  +109.00000
 +0.62500  -0.10000  +144.00000
 +0.42500  -0.30000  +100.00000
 -0.47500  +0.80000  +132.00000
 -0.12500  -0.70000  +75.00000
 +0.37500  +0.55000  +67.00000
 -1.87500  -0.30000  +106.00000
 -0.52500  -0.75000  +61.00000
 -0.62500  -0.70000  +60.00000
 -0.62500  +0.80000  +96.00000
 -1.72500  +0.50000  +121.00000
 -1.57500  -0.60000  +104.00000
 +0.27500  -0.50000  +118.00000
 -1.37500  -0.65000  +125.00000
 -1.37500  -0.75000  +103.00000
 -0.37500  +0.70000  +125.00000
 +0.07500  +0.65000  +80.00000
 +0.17500  +0.55000  +65.00000
 +0.27500  +0.50000  +127.00000
 -1.37500  +0.70000  +88.00000
 -1.27500  +0.75000  +116.00000
 -1.72500  -0.45000  +97.00000
 -1.57500  -0.70000  +65.00000
 +0.52500  -0.10000  +85.00000
 +0.07500  -0.60000  +87.00000
 +0.07500  -0.50000  +106.00000
 -0.77500  +0.80000  +109.00000
 -1.82500  -0.20000  +120.00000
 -1.22500  -0.75000  +154.00000
 -1.92500  +0.35000  +90.00000
 -1.82500  +0.40000  +126.00000
 +0.47500  -0.20000  +120.00000
 +0.32500  -0.40000  +66.00000
 -1.62500  +0.50000  +88.00000
 -1.87500  +0.10000  +117.00000
 -1.12500  -0.85000  +63.00000
 +0.57500  +0.15000  +151.00000
 +0.57500  -0.00000  +75.00000
 -1.62500  -0.45000  +94.00000
 -1.47500  -0.60000  +78.00000
 -0.87500  +0.80000  +90.00000
 -1.12500  +0.75000  +87.00000
 -1.17500  +0.65000  +158.00000
 -1.27500  +0.65000  +79.00000
 -0.12500  -0.60000  +54.00000
 -1.87500  -0.10000  +128.00000
 +0.22500  -0.40000  +131.00000
 -0.27500  -0.65000  +86.00000
 +0.47500  +0.20000  +114.00000
 -1.77500  +0.20000  +120.00000
 +0.37500  +0.30000  +80.00000
 +0.32500  +0.40000  +128.00000
 -0.92500  -0.75000  +89.00000
 -1.02500  -0.80000  +79.00000
 -1.67500  +0.40000  +96.00000
 +0.07500  +0.55000  +67.00000
 -0.02500  +0.60000  +71.00000
 -0.52500  +0.70000  +132.00000
 -0.82500  -0.75000  +64.00000
 +0.47500  +0.00000  +129.00000
 +0.17500  +0.40000  +110.00000
 +0.02500  +0.45000  +134.00000
 -0.22500  +0.50000  +93.00000
 -0.27500  +0.60000  +105.00000
 -1.42500  +0.55000  +170.00000
 -1.52500  +0.45000  +91.00000
 -0.67500  +0.70000  +108.00000
 -1.02500  -0.70000  +78.00000
 -1.12500  -0.75000  +72.00000
 -1.27500  -0.60000  +136.00000
 -1.77500  -0.35000  +96.00000
 -1.52500  -0.50000  +162.00000
 +0.37500  -0.10000  +104.00000
 +0.02500  -0.40000  +88.00000
 -0.02500  -0.55000  +35.00000
 +0.42500  +0.10000  +69.00000
 -0.22500  -0.55000  +72.00000
 -1.77500  -0.00000  +134.00000
 -0.42500  -0.60000  +54.00000
 -0.52500  -0.65000  +117.00000
 -0.87500  -0.65000  +141.00000
 +0.32500  -0.25000  +69.00000
 +0.32500  -0.00000  +80.00000
 -0.42500  +0.60000  +104.00000
 -1.72500  -0.15000  +156.00000
 -1.07500  +0.65000  +65.00000
 -0.97500  +0.70000  +131.00000
 -1.57500  +0.35000  +109.00000
 -1.72500  +0.30000  +97.00000
 -0.12500  -0.50000  +88.00000
 -1.32500  +0.55000  +129.00000
 -1.42500  -0.50000  +172.00000
 -0.12500  +0.55000  +95.00000
 +0.12500  -0.30000  +86.00000
 -0.82500  +0.70000  +80.00000
 -0.77500  +0.60000  +90.00000
 -1.72500  +0.10000  +122.00000
 +0.22500  +0.30000  +129.00000
 +0.22500  -0.20000  +114.00000
 -1.57500  -0.35000  +167.00000
 -1.67500  -0.35000  +92.00000
 -1.62500  -0.15000  +119.00000
 +0.27500  +0.20000  +101.00000
 -1.12500  -0.65000  +106.00000
 -0.12500  +0.40000  +112.00000
 +0.07500  +0.30000  +94.00000
 -0.52500  -0.55000  +103.00000
 -0.52500  +0.55000  +70.00000
 -0.42500  +0.50000  +142.00000
 -1.42500  -0.35000  +165.00000
 -1.62500  +0.25000  +117.00000
 -0.72500  -0.65000  +70.00000
 -0.42500  -0.50000  +132.00000
 -0.27500  -0.45000  +101.00000
 -0.67500  +0.60000  +47.00000
 -0.62500  +0.50000  +132.00000
 +0.32500  +0.10000  +107.00000
 -1.32500  -0.50000  +110.00000
 -1.22500  -0.50000  +132.00000
 +0.12500  +0.20000  +72.00000
 -0.17500  -0.40000  +92.00000
 -1.67500  -0.05000  +80.00000
 -1.57500  -0.05000  +94.00000
 -1.17500  +0.55000  +121.00000
 -1.47500  +0.35000  +91.00000
 +0.07500  -0.15000  +120.00000
 -0.02500  +0.25000  +76.00000
 +0.17500  +0.10000  +95.00000
 -0.32500  +0.45000  +117.00000
 -0.97500  +0.60000  +78.00000
 -1.52500  -0.25000  +116.00000
 +0.22500  -0.05000  +89.00000
 +0.12500  +0.00000  +101.00000
 -0.77500  -0.55000  +132.00000
 -0.67500  -0.55000  +123.00000
 -1.02500  +0.50000  +115.00000
 -0.77500  +0.50000  +183.00000
 -0.87500  +0.60000  +45.00000
 -0.87500  +0.50000  +122.00000
 -1.57500  +0.15000  +105.00000
 -1.27500  -0.40000  +98.00000
 -1.12500  -0.50000  +111.00000
 -0.37500  +0.35000  +107.00000
 -0.37500  -0.40000  +123.00000
 -0.07500  -0.35000  +70.00000
 +0.02500  -0.25000  +71.00000
 -1.02500  -0.60000  +88.00000
 -1.37500  +0.40000  +130.00000
 -0.12500  -0.25000  +114.00000
 -0.22500  +0.35000  +132.00000
 -0.12500  +0.25000  +110.00000
 -0.52500  +0.40000  +79.00000
 -1.62500  +0.05000  +105.00000
 +0.02500  +0.15000  +112.00000
 -1.42500  -0.20000  +143.00000
 -0.87500  -0.55000  +49.00000
 -0.97500  -0.50000  +131.00000
 -0.02500  -0.10000  +111.00000
 +0.02500  +0.05000  +74.00000
 -0.07500  +0.00000  +110.00000
 -0.67500  +0.40000  +110.00000
 -1.12500  +0.45000  +167.00000
 -0.97500  +0.40000  +131.00000
 -1.52500  +0.25000  +81.00000
 -1.47500  +0.15000  +111.00000
 -1.42500  +0.25000  +65.00000
 -0.27500  -0.25000  +121.00000
 -0.62500  -0.45000  +116.00000
 -1.52500  +0.05000  +92.00000
 -1.27500  +0.40000  +130.00000
 -0.72500  -0.45000  +70.00000
 -0.82500  -0.45000  +108.00000
 -1.17500  -0.40000  +136.00000
 -0.12500  +0.10000  +125.00000
 -0.57500  -0.35000  +92.00000
 -0.67500  -0.35000  +81.00000
 -1.32500  +0.30000  +117.00000
 -0.22500  +0.20000  +116.00000
 -1.42500  -0.00000  +117.00000
 -1.07500  -0.40000  +72.00000
 -1.47500  -0.10000  +133.00000
 -0.17500  -0.10000  +125.00000
 -0.27500  +0.00000  +115.00000
 -0.62500  +0.30000  +148.00000
 -0.92500  -0.40000  +118.00000
 -1.17500  +0.30000  +141.00000
 -1.32500  -0.30000  +116.00000
 -1.22500  -0.30000  +100.00000
 -0.47500  +0.30000  +91.00000
 -0.77500  -0.35000  +112.00000
 -1.37500  +0.15000  +119.00000
 -0.82500  +0.40000  +78.00000
 -0.77500  +0.30000  +115.00000
 -1.02500  +0.30000  +152.00000
 -0.32500  +0.15000  +111.00000
 -1.27500  -0.20000  +159.00000
 -0.47500  -0.35000  +164.00000
 -0.87500  +0.30000  +79.00000
 -1.37500  -0.10000  +103.00000
 -0.42500  +0.20000  +99.00000
 -0.57500  +0.15000  +130.00000
 -0.77500  -0.20000  +111.00000
 -0.37500  +0.05000  +97.00000
 -0.32500  -0.10000  +85.00000
 -0.67500  -0.20000  +106.00000
 -1.27500  +0.15000  +131.00000
 -0.47500  +0.10000  +132.00000
 -0.37500  -0.20000  +120.00000
 -1.17500  +0.15000  +98.00000
 -1.12500  -0.20000  +135.00000
 -0.57500  -0.20000  +86.00000
 -0.47500  -0.15000  +88.00000
 -1.02500  -0.30000  +111.00000
 -1.32500  +0.05000  +86.00000
 -1.27500  -0.05000  +155.00000
 -0.87500  -0.30000  +142.00000
 -0.72500  +0.20000  +109.00000
 -0.62500  -0.10000  +121.00000
 -1.17500  +0.00000  +138.00000
 -0.42500  -0.05000  +93.00000
 -1.17500  -0.10000  +121.00000
 -0.82500  +0.20000  +124.00000
 -0.72500  +0.05000  +149.00000
 -0.62500  +0.05000  +93.00000
 -0.92500  +0.20000  +105.00000
 -1.07500  +0.20000  +125.00000
 -0.97500  -0.20000  +116.00000
 -0.52500  +0.00000  +109.00000
 -1.07500  -0.10000  +86.00000
 -0.87500  -0.10000  +118.00000
 -0.72500  -0.10000  +100.00000
 -1.02500  +0.10000  +144.00000
 -0.87500  +0.05000  +156.00000
 -0.97500  -0.05000  +116.00000
 -1.07500  +0.00000  +91.00000
