 +0.77500  -1.00000  +26.00000
 +0.87500  -0.85000  +30.00000
 +0.82500  -0.75000  +62.00000
 +0.92500  -0.70000  +39.00000
 +0.97500  -0.85000  +34.00000
 +1.07500  -0.75000  +10.00000
 +1.02500  -0.65000  +43.00000
 +0.62500  -0.85000  +85.00000
 +0.67500  -0.95000  +43.00000
 +0.72500  -0.85000  +74.00000
 +0.92500  -0.55000  +106.00000
 +1.07500  -0.90000  +2.00000
 +0.57500  -1.05000  +2.00000
 +0.52500  -0.95000  +21.00000
 +0.92500  +0.65000  +36.00000
 +1.02500  +0.50000  +28.00000
 +1.02500  +0.60000  +15.00000
 +0.92500  +0.55000  +51.00000
 +0.82500  +0.55000  +115.00000
 +0.82500  +0.65000  +45.00000
 +1.07500  +0.70000  +7.00000
 +0.67500  +0.55000  +127.00000
 +0.82500  +0.75000  +18.00000
 +0.97500  +0.75000  +6.00000
 +0.72500  -0.75000  +73.00000
 +0.62500  -0.75000  +47.00000
 +0.82500  -0.65000  +55.00000
 +0.62500  -0.65000  +90.00000
 +0.72500  -0.65000  +49.00000
 +0.82500  -0.55000  +77.00000
 +0.97500  -0.45000  +71.00000
 +0.92500  -0.35000  +74.00000
 +1.12500  -0.60000  +21.00000
 +1.17500  -0.70000  +2.00000
 +1.27500  +0.20000  +50.00000
 +1.22500  +0.10000  +55.00000
 +1.07500  +0.20000  +76.00000
 +1.17500  +0.00000  +60.00000
 +1.42500  +0.25000  +17.00000
 +1.32500  +0.10000  +45.00000
 +1.22500  +0.30000  +13.00000
 +1.42500  +0.05000  +20.00000
 +1.32500  +0.35000  +6.00000
 +1.17500  +0.20000  +49.00000
 +1.32500  -0.05000  +26.00000
 +1.22500  -0.20000  +28.00000
 +1.07500  -0.20000  +112.00000
 +1.07500  -0.05000  +170.00000
 +1.42500  -0.10000  +13.00000
 +1.22500  -0.10000  +49.00000
 +1.12500  -0.30000  +55.00000
 +0.97500  -0.15000  +150.00000
 +1.52500  +0.05000  +4.00000
 +0.72500  -0.50000  +102.00000
 +0.77500  -0.40000  +104.00000
 +0.87500  -0.45000  +85.00000
 +1.07500  -0.40000  +41.00000
 +1.17500  -0.50000  +5.00000
 +1.02500  -0.30000  +79.00000
 +0.42500  -0.90000  +40.00000
 +0.52500  -0.80000  +76.00000
 -1.37500  +1.05000  +58.00000
 -1.42500  +0.90000  +138.00000
 -1.42500  +1.15000  +18.00000
 -1.62500  +1.05000  +43.00000
 -1.57500  +0.95000  +112.00000
 -1.52500  +1.10000  +30.00000
 -1.47500  +1.00000  +77.00000
 -1.52500  +1.20000  +22.00000
 -1.27500  +1.20000  +2.00000
 +0.92500  -0.05000  +147.00000
 +1.02500  +0.10000  +108.00000
 +0.52500  -0.70000  +81.00000
 +0.02500  +1.10000  +30.00000
 +0.22500  +1.00000  +35.00000
 -0.12500  +1.00000  +72.00000
 +0.07500  +0.95000  +62.00000
 +0.12500  +1.05000  +27.00000
 +0.12500  +1.15000  +7.00000
 +0.22500  +1.10000  +12.00000
 +0.02500  +0.85000  +74.00000
 +0.32500  +0.85000  +115.00000
 +0.32500  +1.05000  +12.00000
 +0.32500  +0.95000  +43.00000
 +0.12500  +0.85000  +73.00000
 -0.17500  +1.10000  +69.00000
 +0.22500  +0.90000  +60.00000
 -1.62500  +1.15000  +14.00000
 -1.62500  +0.85000  +66.00000
 -1.72500  +1.10000  +7.00000
 -1.52500  +0.80000  +132.00000
 -1.72500  +0.95000  +31.00000
 -1.72500  +1.20000  +3.00000
 +0.62500  -0.55000  +76.00000
 +0.07500  +0.75000  +101.00000
 -0.12500  +0.85000  +126.00000
 +0.22500  +0.80000  +117.00000
 +1.12500  +0.10000  +39.00000
 +0.92500  +0.15000  +119.00000
 +0.97500  +0.25000  +97.00000
 +0.37500  -0.70000  +127.00000
 +0.32500  -0.80000  +109.00000
 +0.32500  -0.90000  +58.00000
 +0.22500  -0.75000  +109.00000
 +0.22500  -0.85000  +67.00000
 +0.07500  -0.95000  +23.00000
 +0.27500  -1.00000  +23.00000
 +0.12500  -1.05000  +4.00000
 +0.37500  -1.05000  +3.00000
 +0.12500  -0.80000  +103.00000
 +0.87500  +0.30000  +97.00000
 +0.87500  +0.45000  +80.00000
 +0.77500  +0.35000  +153.00000
 +1.07500  +0.40000  +27.00000
 +0.87500  -0.25000  +129.00000
 +0.82500  -0.15000  +80.00000
 +0.77500  -0.25000  +125.00000
 -1.77500  -0.85000  +88.00000
 -2.07500  -0.90000  +9.00000
 -1.87500  -0.80000  +77.00000
 -1.97500  -0.65000  +110.00000
 -1.97500  -0.80000  +36.00000
 -1.92500  -0.90000  +38.00000
 -1.82500  -1.00000  +29.00000
 -2.07500  -0.75000  +26.00000
 -1.82500  -0.70000  +102.00000
 -1.97500  -1.00000  +15.00000
 +0.62500  -0.40000  +120.00000
 +0.67500  +0.80000  +20.00000
 +0.72500  +0.65000  +51.00000
 +0.62500  +0.70000  +60.00000
 +0.57500  +0.60000  +77.00000
 +0.72500  +0.45000  +119.00000
 +1.12500  +0.30000  +17.00000
 -1.22500  +0.90000  +120.00000
 -1.82500  +0.90000  +12.00000
 -1.72500  +0.85000  +35.00000
 -1.32500  +0.90000  +65.00000
 -1.12500  +0.90000  +60.00000
 -1.22500  +1.00000  +47.00000
 -1.27500  +1.10000  +15.00000
 -1.07500  +1.00000  +15.00000
 -1.17500  +0.80000  +98.00000
 +0.87500  +0.05000  +114.00000
 +0.17500  -0.65000  +141.00000
 +0.32500  -0.60000  +124.00000
 +0.77500  -0.05000  +109.00000
 +0.02500  -0.70000  +173.00000
 -0.02500  -0.85000  +54.00000
 +0.02500  -0.60000  +91.00000
 -0.12500  +1.20000  +14.00000
 -0.27500  +1.20000  +14.00000
 -0.27500  +1.05000  +69.00000
 +0.67500  -0.30000  +117.00000
 +0.52500  +0.75000  +47.00000
 +0.47500  +0.90000  +47.00000
 +0.42500  +0.80000  +97.00000
 +0.57500  +0.85000  +30.00000
 +0.62500  +0.95000  +9.00000
 +0.77500  +0.85000  +3.00000
 +0.42500  +0.70000  +92.00000
 +0.72500  +0.95000  +1.00000
 -0.12500  -0.95000  +59.00000
 -0.27500  -1.00000  +130.00000
 -0.17500  -1.10000  +45.00000
 -0.27500  -0.85000  +134.00000
 -0.37500  -0.90000  +71.00000
 -0.07500  -1.05000  +6.00000
 -0.37500  -1.10000  +29.00000
 -0.27500  -1.15000  +8.00000
 -0.17500  -1.20000  +1.00000
 -2.22500  -0.50000  +38.00000
 -2.17500  -0.70000  +22.00000
 -2.02500  -0.55000  +112.00000
 -2.12500  -0.60000  +93.00000
 -1.87500  -0.55000  +107.00000
 -2.07500  -0.40000  +82.00000
 -2.27500  -0.60000  +14.00000
 -1.97500  -0.45000  +98.00000
 +0.72500  +0.20000  +143.00000
 +0.67500  +0.35000  +95.00000
 +0.62500  +0.45000  +140.00000
 -1.37500  +0.80000  +83.00000
 -2.07500  +0.75000  +20.00000
 -1.97500  +0.80000  +45.00000
 -2.12500  +0.65000  +15.00000
 -1.97500  +0.70000  +60.00000
 -1.97500  +0.60000  +78.00000
 -1.82500  +0.65000  +135.00000
 -2.22500  +0.75000  +1.00000
 -1.87500  +0.80000  +35.00000
 +0.82500  +0.20000  +53.00000
 -1.67500  -0.90000  +78.00000
 -1.67500  -0.80000  +99.00000
 -1.72500  -1.00000  +23.00000
 -1.87500  -0.40000  +165.00000
 -1.77500  -0.60000  +89.00000
 -1.67500  -0.50000  +165.00000
 -1.77500  -0.25000  +120.00000
 -1.72500  -0.35000  +158.00000
 -1.52500  -0.85000  +88.00000
 -1.72500  -0.70000  +123.00000
 +0.27500  +0.65000  +110.00000
 +0.67500  -0.10000  +145.00000
 -2.07500  +0.45000  +77.00000
 -2.17500  +0.40000  +48.00000
 -2.27500  +0.30000  +18.00000
 -2.22500  +0.50000  +26.00000
 -2.32500  +0.45000  +13.00000
 -1.97500  +0.40000  +103.00000
 -2.22500  +0.60000  +3.00000
 -2.12500  +0.30000  +66.00000
 -2.12500  +0.55000  +16.00000
 -2.02500  -0.05000  +138.00000
 -2.17500  -0.15000  +72.00000
 -2.32500  -0.00000  +5.00000
 -2.27500  -0.25000  +29.00000
 -2.27500  -0.10000  +30.00000
 -1.97500  -0.20000  +106.00000
 -1.87500  -0.15000  +75.00000
 -2.42500  -0.20000  +1.00000
 -2.07500  -0.25000  +117.00000
 -1.92500  -0.05000  +94.00000
 +0.52500  -0.60000  +89.00000
 +0.47500  -0.50000  +76.00000
 -1.47500  -0.95000  +44.00000
 -1.57500  -0.75000  +133.00000
 -1.62500  -1.00000  +27.00000
 -1.37500  -0.75000  +100.00000
 -1.52500  -0.65000  +136.00000
 +0.17500  +0.70000  +95.00000
 +0.37500  -0.50000  +129.00000
 +0.47500  +0.60000  +126.00000
 +0.52500  +0.50000  +132.00000
 +0.77500  +0.10000  +158.00000
 +0.52500  -0.40000  +78.00000
 -2.27500  -0.40000  +11.00000
 -2.17500  -0.35000  +58.00000
 -0.42500  +0.95000  +107.00000
 -0.37500  +0.85000  +103.00000
 -0.27500  +0.95000  +78.00000
 -0.37500  +1.10000  +34.00000
 -0.27500  +0.80000  +159.00000
 -0.57500  +1.10000  +27.00000
 -0.47500  +1.15000  +22.00000
 -0.47500  +1.05000  +34.00000
 +0.57500  +0.30000  +118.00000
 -1.67500  +0.75000  +62.00000
 -1.77500  +0.75000  +65.00000
 -0.72500  -0.45000  +137.00000
 -0.52500  -0.55000  +128.00000
 -0.62500  -0.55000  +97.00000
 -0.62500  -1.10000  +24.00000
 -0.72500  -1.05000  +35.00000
 -0.62500  -1.00000  +68.00000
 -0.67500  -0.65000  +114.00000
 -0.77500  -0.60000  +135.00000
 -0.82500  -1.05000  +32.00000
 -0.72500  -1.15000  +3.00000
 -0.62500  -0.90000  +54.00000
 -0.52500  -1.00000  +82.00000
 -0.52500  -0.65000  +105.00000
 -0.67500  -0.75000  +97.00000
 -0.52500  -1.15000  +20.00000
 +0.57500  -0.25000  +127.00000
 -0.92500  -0.95000  +88.00000
 -0.92500  -1.05000  +19.00000
 -0.77500  -0.95000  +62.00000
 -0.82500  -0.80000  +141.00000
 -0.97500  -0.85000  +158.00000
 -0.82500  -1.20000  +5.00000
 -1.02500  -1.00000  +47.00000
 +0.37500  +0.55000  +95.00000
 -1.92500  +0.50000  +123.00000
 -1.72500  +0.65000  +79.00000
 -1.77500  +0.55000  +160.00000
 -1.67500  +0.55000  +132.00000
 -2.17500  +0.20000  +52.00000
 -2.07500  +0.05000  +64.00000
 -1.97500  +0.25000  +84.00000
 -0.02500  +0.70000  +74.00000
 -1.37500  -0.95000  +38.00000
 -1.52500  -1.10000  +4.00000
 -1.62500  -1.10000  +1.00000
 -1.42500  -0.85000  +77.00000
 -1.32500  -0.85000  +124.00000
 -1.47500  -0.75000  +106.00000
 -1.42500  -1.05000  +4.00000
 -1.77500  -0.50000  +160.00000
 +0.67500  +0.00000  +142.00000
 -0.12500  -0.75000  +78.00000
 +0.47500  +0.35000  +140.00000
 -0.12500  -0.65000  +62.00000
 +0.42500  -0.35000  +131.00000
 -1.62500  -0.60000  +161.00000
 -0.57500  +1.00000  +110.00000
 -0.72500  +1.05000  +46.00000
 -0.57500  +0.90000  +94.00000
 -0.52500  +0.80000  +131.00000
 -0.47500  +1.25000  +1.00000
 -2.17500  +0.00000  +26.00000
 -1.92500  +0.15000  +82.00000
 -2.32500  +0.10000  +10.00000
 -1.87500  +0.25000  +76.00000
 -2.42500  +0.15000  +2.00000
 -1.77500  +0.40000  +190.00000
 -2.02500  +0.15000  +24.00000
 +0.62500  +0.15000  +169.00000
 +0.22500  -0.45000  +140.00000
 +0.17500  -0.55000  +75.00000
 +0.12500  +0.60000  +75.00000
 -0.37500  -0.75000  +131.00000
 -0.22500  -0.70000  +116.00000
 -0.47500  -0.85000  +67.00000
 -1.87500  +0.40000  +116.00000
 +0.47500  -0.25000  +130.00000
 +0.37500  +0.40000  +114.00000
 +0.47500  +0.20000  +112.00000
 +0.22500  +0.55000  +78.00000
 -1.27500  +0.65000  +110.00000
 -1.27500  +0.75000  +89.00000
 -1.27500  -0.95000  +34.00000
 -1.17500  -1.00000  +45.00000
 -1.22500  -0.75000  +153.00000
 -1.07500  -0.85000  +103.00000
 -1.22500  -0.85000  +91.00000
 -1.12500  -0.75000  +95.00000
 -0.87500  -0.70000  +120.00000
 -0.67500  +0.90000  +83.00000
 -0.82500  +0.95000  +88.00000
 -0.92500  +0.95000  +46.00000
 -0.77500  +0.85000  +124.00000
 -0.72500  +0.75000  +132.00000
 -0.72500  +1.15000  +2.00000
 -0.82500  +1.05000  +2.00000
 -1.57500  +0.70000  +95.00000
 -1.42500  +0.70000  +137.00000
 +0.02500  +0.60000  +69.00000
 -0.12500  +0.70000  +133.00000
 -0.72500  -0.85000  +107.00000
 -0.57500  -0.80000  +140.00000
 -1.92500  -0.30000  +113.00000
 +0.52500  -0.10000  +136.00000
 -1.77500  +0.25000  +102.00000
 +0.32500  -0.30000  +110.00000
 -1.42500  -0.65000  +166.00000
 -1.52500  -0.55000  +140.00000
 -0.62500  +0.80000  +67.00000
 -1.52500  +0.55000  +149.00000
 +0.47500  +0.00000  +112.00000
 +0.37500  +0.10000  +111.00000
 +0.52500  +0.10000  +114.00000
 +0.57500  +0.00000  +102.00000
 +0.37500  +0.25000  +118.00000
 -1.12500  +0.70000  +91.00000
 -1.02500  +0.85000  +91.00000
 -1.82500  -0.05000  +81.00000
 -0.22500  +0.65000  +115.00000
 -1.67500  +0.40000  +53.00000
 -0.07500  -0.55000  +106.00000
 +0.07500  -0.50000  +145.00000
 -1.57500  +0.45000  +131.00000
 -0.42500  +0.75000  +76.00000
 -0.02500  -0.45000  +121.00000
 +0.07500  +0.45000  +111.00000
 +0.17500  +0.40000  +81.00000
 -0.92500  +0.80000  +119.00000
 -0.97500  +1.05000  +2.00000
 -1.92500  +0.05000  +136.00000
 -0.97500  -0.55000  +112.00000
 -1.02500  -0.70000  +157.00000
 -1.42500  -0.55000  +119.00000
 -1.32500  -0.65000  +103.00000
 -1.57500  -0.40000  +85.00000
 +0.37500  -0.20000  +113.00000
 +0.27500  +0.45000  +108.00000
 -1.77500  +0.05000  +111.00000
 -1.72500  -0.15000  +126.00000
 -1.72500  -0.05000  +97.00000
 -1.82500  +0.15000  +74.00000
 -1.72500  +0.15000  +95.00000
 -1.37500  +0.60000  +128.00000
 -1.42500  +0.45000  +93.00000
 -0.32500  +0.70000  +65.00000
 -0.37500  -0.65000  +122.00000
 +0.17500  -0.35000  +97.00000
 -1.22500  -0.65000  +117.00000
 +0.37500  -0.05000  +127.00000
 +0.27500  +0.10000  +142.00000
 -0.22500  -0.60000  +87.00000
 -0.07500  +0.55000  +124.00000
 -0.22500  +0.55000  +98.00000
 -0.77500  -0.70000  +125.00000
 -0.27500  -0.50000  +87.00000
 -1.02500  +0.75000  +119.00000
 -0.67500  +0.65000  +139.00000
 -0.82500  +0.75000  +88.00000
 -1.47500  -0.45000  +131.00000
 -0.42500  +0.65000  +83.00000
 -1.62500  -0.30000  +133.00000
 +0.22500  -0.25000  +86.00000
 -0.82500  +0.65000  +137.00000
 -1.17500  +0.60000  +136.00000
 -0.92500  +0.70000  +81.00000
 -0.02500  +0.40000  +103.00000
 -0.17500  -0.45000  +102.00000
 +0.07500  -0.30000  +69.00000
 +0.27500  -0.15000  +126.00000
 -1.62500  +0.30000  +115.00000
 -1.52500  +0.25000  +118.00000
 -1.62500  +0.15000  +87.00000
 -0.37500  -0.55000  +62.00000
 +0.22500  +0.20000  +138.00000
 +0.27500  +0.30000  +90.00000
 -1.02500  +0.65000  +103.00000
 -0.32500  +0.60000  +42.00000
 -0.32500  +0.50000  +147.00000
 -0.42500  +0.55000  +94.00000
 -1.32500  +0.50000  +156.00000
 -1.32500  -0.50000  +137.00000
 -0.57500  +0.65000  +120.00000
 -1.62500  -0.15000  +101.00000
 +0.12500  +0.30000  +122.00000
 +0.22500  -0.05000  +134.00000
 +0.12500  -0.20000  +90.00000
 -1.62500  +0.05000  +155.00000
 -0.82500  +0.55000  +119.00000
 -1.07500  -0.60000  +110.00000
 -1.17500  -0.50000  +182.00000
 -0.12500  -0.35000  +115.00000
 -1.17500  -0.35000  +126.00000
 -0.17500  +0.45000  +87.00000
 -0.22500  +0.35000  +101.00000
 -0.02500  -0.30000  +99.00000
 +0.12500  +0.10000  +118.00000
 -1.37500  +0.35000  +131.00000
 -1.47500  +0.35000  +94.00000
 -0.62500  +0.55000  +120.00000
 -0.07500  +0.30000  +86.00000
 +0.07500  -0.10000  +111.00000
 +0.12500  -0.00000  +96.00000
 -0.32500  -0.40000  +80.00000
 -1.52500  -0.30000  +115.00000
 -1.37500  -0.40000  +124.00000
 +0.02500  +0.25000  +120.00000
 -1.02500  +0.55000  +77.00000
 -0.92500  +0.60000  +76.00000
 -0.87500  -0.60000  +30.00000
 -0.72500  +0.55000  +112.00000
 -1.22500  +0.50000  +121.00000
 -1.07500  -0.50000  +169.00000
 -0.52500  +0.50000  +142.00000
 -1.07500  +0.45000  +158.00000
 -1.47500  -0.15000  +101.00000
 -1.42500  -0.05000  +117.00000
 -1.52500  -0.05000  +70.00000
 +0.02500  -0.00000  +95.00000
 -0.07500  -0.10000  +100.00000
 +0.02500  -0.20000  +104.00000
 -0.37500  +0.40000  +120.00000
 -1.27500  -0.40000  +60.00000
 -0.92500  +0.45000  +141.00000
 -0.87500  -0.50000  +134.00000
 -1.42500  -0.30000  +89.00000
 -0.22500  -0.30000  +85.00000
 -0.17500  +0.25000  +117.00000
 -0.02500  +0.15000  +73.00000
 -1.27500  +0.30000  +116.00000
 -1.42500  +0.25000  +104.00000
 -0.57500  -0.45000  +108.00000
 -0.42500  -0.45000  +112.00000
 -0.12500  +0.15000  +98.00000
 -1.52500  +0.05000  +82.00000
 -1.42500  +0.05000  +100.00000
 -1.47500  +0.15000  +121.00000
 -0.62500  +0.40000  +133.00000
 -1.32500  +0.20000  +135.00000
 -0.32500  -0.25000  +108.00000
 -0.07500  +0.05000  +127.00000
 -0.17500  -0.05000  +73.00000
 -0.17500  -0.20000  +115.00000
 -0.32500  +0.30000  +104.00000
 -1.02500  +0.35000  +126.00000
 -0.97500  -0.40000  +113.00000
 -0.82500  -0.40000  +115.00000
 -1.32500  -0.30000  +94.00000
 -0.47500  +0.30000  +106.00000
 -0.82500  +0.40000  +128.00000
 -0.27500  +0.15000  +81.00000
 -0.22500  +0.05000  +83.00000
 -0.52500  -0.35000  +89.00000
 -1.17500  +0.40000  +130.00000
 -0.42500  -0.30000  +95.00000
 -1.07500  -0.35000  +152.00000
 -1.17500  -0.20000  +155.00000
 -1.37500  -0.20000  +76.00000
 -0.27500  -0.10000  +116.00000
 -1.32500  +0.00000  +106.00000
 -1.22500  +0.05000  +122.00000
 -0.37500  -0.15000  +103.00000
 -1.17500  +0.20000  +122.00000
 -1.32500  -0.10000  +99.00000
 -0.37500  +0.10000  +111.00000
 -0.42500  +0.20000  +100.00000
 -0.87500  +0.30000  +150.00000
 -1.07500  +0.25000  +156.00000
 -0.72500  +0.35000  +127.00000
 -0.57500  +0.30000  +114.00000
 -0.67500  +0.20000  +170.00000
 -1.27500  -0.20000  +84.00000
 -0.77500  -0.25000  +111.00000
 -0.87500  -0.30000  +98.00000
 -0.32500  -0.00000  +93.00000
 -0.67500  -0.25000  +63.00000
 -0.47500  -0.20000  +124.00000
 -0.57500  -0.25000  +86.00000
 -1.22500  -0.10000  +174.00000
 -0.47500  +0.05000  +124.00000
 -0.62500  -0.35000  +66.00000
 -0.82500  +0.20000  +179.00000
 -0.52500  -0.05000  +158.00000
 -0.72500  -0.15000  +92.00000
 -0.97500  +0.20000  +114.00000
 -0.97500  -0.25000  +137.00000
 -0.62500  -0.15000  +63.00000
 -0.52500  +0.15000  +97.00000
 -0.67500  +0.05000  +148.00000
 -0.57500  +0.05000  +82.00000
 -0.62500  -0.05000  +99.00000
 -1.07500  -0.15000  +128.00000
 -1.12500  +0.10000  +128.00000
 -0.77500  +0.05000  +87.00000
 -1.12500  -0.00000  +131.00000
 -0.87500  -0.10000  +134.00000
 -1.02500  +0.10000  +109.00000
 -0.97500  -0.10000  +64.00000
 -1.02500  -0.00000  +94.00000
 -0.92500  +0.10000  +121.00000
 -0.87500  +0.00000  +122.00000
 -0.77500  -0.05000  +107.00000
