 +0.12500  -0.10000  +52.00000
 +0.17500  -0.20000  +20.00000
 -0.02500  -0.05000  +123.00000
 +0.22500  -0.05000  +28.00000
 +0.02500  -0.20000  +32.00000
 -0.07500  -0.15000  +71.00000
 +0.27500  -0.25000  +6.00000
 -1.07500  +0.60000  +22.00000
 -0.97500  +0.55000  +75.00000
 -1.17500  +0.65000  +4.00000
 -1.02500  +0.70000  +10.00000
 -0.97500  +0.35000  +148.00000
 -0.87500  +0.45000  +73.00000
 -0.87500  +0.60000  +14.00000
 -1.07500  +0.50000  +122.00000
 -0.92500  +0.70000  +7.00000
 -1.17500  +0.55000  +25.00000
 -0.32500  +0.50000  +86.00000
 -0.47500  +0.55000  +76.00000
 -0.32500  +0.60000  +34.00000
 -0.22500  +0.55000  +22.00000
 -0.32500  +0.70000  +12.00000
 -0.22500  +0.65000  +13.00000
 -0.47500  +0.65000  +20.00000
 -0.57500  +0.60000  +43.00000
 -0.12500  +0.60000  +4.00000
 +0.12500  +0.00000  +88.00000
 +0.02500  +0.10000  +114.00000
 +0.22500  +0.10000  +61.00000
 +0.12500  +0.20000  +112.00000
 +0.02500  +0.30000  +75.00000
 +0.22500  +0.25000  +28.00000
 +0.32500  +0.20000  +14.00000
 -0.07500  +0.20000  +109.00000
 +0.42500  +0.00000  +1.00000
 -0.17500  +0.25000  +137.00000
 -0.12500  +0.35000  +116.00000
 -0.27500  +0.40000  +107.00000
 -0.12500  +0.50000  +37.00000
 -0.02500  +0.40000  +65.00000
 -0.57500  +0.40000  +76.00000
 -0.47500  +0.40000  +150.00000
 -0.42500  +0.30000  +145.00000
 +0.12500  +0.35000  +20.00000
 -0.12500  +0.00000  +95.00000
 -0.17500  +0.10000  +85.00000
 +0.07500  +0.55000  +5.00000
 -0.22500  -0.05000  +124.00000
 -0.77500  +0.50000  +112.00000
 -0.67500  +0.40000  +114.00000
 -0.62500  +0.50000  +122.00000
 -0.67500  +0.65000  +43.00000
 -0.77500  +0.65000  +7.00000
 -0.32500  +0.25000  +149.00000
 -1.32500  +0.35000  +24.00000
 -1.12500  +0.30000  +131.00000
 -1.22500  +0.20000  +98.00000
 -1.32500  +0.20000  +44.00000
 -1.42500  +0.30000  +2.00000
 -1.17500  +0.10000  +82.00000
 -1.27500  +0.10000  +84.00000
 -1.07500  +0.15000  +151.00000
 -1.22500  +0.35000  +65.00000
 -1.02500  +0.25000  +121.00000
 -1.27500  +0.45000  +18.00000
 -1.42500  +0.05000  +40.00000
 -1.32500  -0.05000  +68.00000
 -1.42500  -0.10000  +19.00000
 -1.32500  -0.15000  +53.00000
 -1.22500  -0.15000  +161.00000
 -1.47500  +0.20000  +1.00000
 -1.22500  +0.00000  +114.00000
 -0.97500  +0.15000  +119.00000
 -1.37500  +0.45000  +2.00000
 -0.22500  -0.25000  +94.00000
 -0.32500  -0.40000  +50.00000
 -0.17500  -0.35000  +32.00000
 -0.12500  -0.45000  +12.00000
 -0.37500  -0.25000  +129.00000
 -0.32500  -0.10000  +124.00000
 -0.67500  -0.60000  +37.00000
 -0.52500  -0.50000  +76.00000
 -0.62500  -0.50000  +58.00000
 -0.67500  -0.70000  +16.00000
 -0.57500  -0.65000  +26.00000
 -0.72500  -0.45000  +96.00000
 -0.77500  -0.65000  +16.00000
 -0.77500  -0.55000  +41.00000
 -1.22500  -0.30000  +82.00000
 -1.37500  -0.30000  +23.00000
 -1.27500  -0.45000  +19.00000
 -1.12500  -0.20000  +124.00000
 -1.07500  -0.35000  +132.00000
 -1.02500  -0.20000  +115.00000
 -0.42500  -0.45000  +56.00000
 -0.72500  -0.15000  +184.00000
 -0.57500  -0.15000  +166.00000
 -0.52500  -0.35000  +124.00000
 -0.37500  -0.55000  +21.00000
 -0.62500  -0.25000  +156.00000
 -1.07500  -0.55000  +30.00000
 -1.17500  -0.50000  +84.00000
 -0.92500  -0.50000  +72.00000
 -1.02500  -0.45000  +98.00000
 -1.07500  -0.65000  +10.00000
 -0.97500  -0.60000  +26.00000
 -0.97500  -0.35000  +138.00000
 -1.42500  -0.20000  +9.00000
 -0.27500  +0.15000  +116.00000
 -0.82500  -0.45000  +101.00000
 -0.67500  -0.35000  +119.00000
 -0.87500  -0.60000  +16.00000
 -0.77500  -0.35000  +108.00000
 -0.92500  -0.25000  +145.00000
 -0.87500  -0.70000  +2.00000
 -0.52500  +0.25000  +98.00000
 -0.37500  +0.10000  +83.00000
 -0.27500  +0.05000  +107.00000
 -1.07500  +0.00000  +139.00000
 -0.07500  -0.30000  +14.00000
 -0.42500  -0.15000  +167.00000
 -0.62500  +0.25000  +122.00000
 -0.47500  -0.60000  +1.00000
 -0.92500  +0.25000  +105.00000
 -1.07500  -0.10000  +123.00000
 -0.87500  -0.35000  +68.00000
 -0.47500  +0.15000  +135.00000
 -0.82500  +0.35000  +116.00000
 -0.77500  +0.25000  +200.00000
 -0.42500  +0.00000  +160.00000
 -0.82500  -0.25000  +85.00000
 -0.97500  -0.05000  +154.00000
 -0.87500  +0.15000  +154.00000
 -0.92500  +0.05000  +143.00000
 -0.67500  +0.15000  +147.00000
 -0.57500  +0.15000  +104.00000
 -0.82500  -0.10000  +186.00000
 -0.57500  +0.00000  +211.00000
 -0.82500  +0.05000  +202.00000
 -0.67500  +0.00000  +143.00000
