 -0.17500  +0.20000  +28.00000
 -0.12500  +0.05000  +44.00000
 -0.02500  +0.15000  +14.00000
 -0.22500  +0.30000  +36.00000
 -0.27500  +0.15000  +110.00000
 -0.37500  +0.25000  +75.00000
 +0.07500  +0.05000  +7.00000
 -0.27500  +0.00000  +58.00000
 -0.27500  +0.40000  +14.00000
 -0.47500  +0.30000  +59.00000
 -0.42500  +0.15000  +100.00000
 -0.12500  +0.35000  +2.00000
 -0.57500  +0.35000  +52.00000
 -0.47500  +0.45000  +29.00000
 -0.62500  +0.45000  +23.00000
 -0.67500  +0.35000  +40.00000
 -0.57500  +0.55000  +12.00000
 -0.37500  +0.50000  +5.00000
 -0.77500  -0.30000  +133.00000
 -0.82500  -0.50000  +24.00000
 -0.97500  -0.30000  +72.00000
 -0.92500  -0.40000  +36.00000
 -0.97500  -0.50000  +9.00000
 -0.87500  -0.30000  +51.00000
 -1.02500  -0.40000  +18.00000
 -0.72500  -0.40000  +65.00000
 -1.07500  -0.30000  +14.00000
 -0.27500  -0.20000  +10.00000
 -0.17500  -0.10000  +17.00000
 -0.07500  +0.25000  +3.00000
 -1.07500  -0.10000  +61.00000
 -0.97500  -0.10000  +78.00000
 -1.07500  +0.00000  +104.00000
 -1.22500  -0.05000  +15.00000
 -0.97500  +0.05000  +112.00000
 -0.87500  +0.00000  +150.00000
 -1.17500  +0.10000  +18.00000
 -0.77500  +0.35000  +42.00000
 -0.62500  +0.00000  +139.00000
 -0.52500  +0.00000  +91.00000
 -0.47500  -0.10000  +96.00000
 -0.57500  -0.10000  +124.00000
 -0.67500  +0.15000  +110.00000
 -0.72500  +0.45000  +22.00000
 -0.87500  +0.40000  +36.00000
 -0.72500  +0.00000  +115.00000
 -0.82500  +0.25000  +103.00000
 -0.72500  +0.25000  +89.00000
 -0.57500  +0.10000  +115.00000
 -0.92500  +0.50000  +3.00000
 -0.67500  -0.10000  +122.00000
 -0.97500  +0.40000  +11.00000
 -0.97500  +0.25000  +91.00000
 -1.07500  +0.35000  +15.00000
 -0.87500  +0.15000  +123.00000
 -1.02500  +0.15000  +123.00000
 -1.12500  +0.20000  +21.00000
 -0.37500  -0.05000  +82.00000
 -0.42500  +0.05000  +109.00000
 -0.37500  -0.15000  +43.00000
 -0.87500  -0.15000  +129.00000
 -0.57500  -0.25000  +106.00000
 -0.67500  -0.25000  +97.00000
 -0.62500  -0.40000  +66.00000
 -0.67500  -0.50000  +14.00000
 -0.52500  -0.40000  +14.00000
 -0.52500  +0.20000  +76.00000
 -0.62500  +0.25000  +84.00000
 -1.02500  -0.20000  +33.00000
 -1.12500  -0.20000  +9.00000
 -0.77500  +0.15000  +100.00000
 -0.77500  -0.10000  +169.00000
 -0.37500  -0.30000  +11.00000
 -0.47500  -0.25000  +69.00000
