 +0.57500  +0.40000  +27.00000
 +0.57500  +0.25000  +72.00000
 +0.72500  +0.40000  +8.00000
 +0.47500  +0.45000  +21.00000
 +0.67500  +0.30000  +46.00000
 +0.67500  +0.10000  +123.00000
 +0.77500  +0.20000  +24.00000
 +0.47500  +0.30000  +58.00000
 +0.57500  +0.55000  +3.00000
 +0.57500  -0.50000  +13.00000
 +0.47500  -0.50000  +51.00000
 +0.62500  -0.65000  +3.00000
 +0.42500  -0.35000  +64.00000
 +0.47500  -0.65000  +11.00000
 +0.52500  -0.30000  +58.00000
 +0.42500  -0.20000  +130.00000
 +0.32500  -0.40000  +84.00000
 +0.62500  -0.35000  +42.00000
 +0.67500  -0.45000  +6.00000
 +0.32500  -0.60000  +22.00000
 +0.82500  -0.10000  +38.00000
 +0.72500  +0.00000  +83.00000
 +0.67500  -0.10000  +80.00000
 +0.92500  +0.00000  +3.00000
 +0.82500  +0.05000  +42.00000
 +0.57500  -0.05000  +112.00000
 +0.77500  -0.20000  +35.00000
 +0.67500  -0.20000  +31.00000
 +0.27500  -0.25000  +125.00000
 +0.57500  -0.15000  +119.00000
 +0.72500  -0.35000  +8.00000
 +0.82500  +0.30000  +6.00000
 +0.52500  +0.10000  +164.00000
 +0.47500  -0.05000  +192.00000
 -0.22500  +0.80000  +53.00000
 -0.12500  +0.75000  +104.00000
 -0.12500  +0.60000  +72.00000
 -0.02500  +0.85000  +43.00000
 -0.12500  +0.90000  +12.00000
 -0.22500  +0.65000  +123.00000
 +0.02500  +0.75000  +56.00000
 +0.07500  +0.90000  +9.00000
 -0.27500  +0.90000  +4.00000
 -0.12500  +0.50000  +99.00000
 +0.37500  -0.10000  +127.00000
 +0.12500  +0.70000  +51.00000
 +0.17500  +0.80000  +35.00000
 +0.02500  +0.65000  +82.00000
 +0.12500  +0.60000  +60.00000
 +0.27500  +0.55000  +85.00000
 +0.32500  +0.70000  +16.00000
 +0.22500  +0.65000  +45.00000
 +0.42500  +0.65000  +12.00000
 +0.42500  +0.05000  +150.00000
 +0.42500  +0.20000  +77.00000
 +0.02500  +0.55000  +87.00000
 +0.12500  +0.50000  +130.00000
 -1.47500  +0.85000  +11.00000
 -1.47500  +0.75000  +25.00000
 -1.22500  +0.85000  +6.00000
 -1.57500  +0.75000  +6.00000
 -1.37500  +0.55000  +125.00000
 -1.32500  +0.80000  +31.00000
 -1.42500  +0.95000  +2.00000
 -1.32500  +0.70000  +51.00000
 -1.32500  +0.90000  +4.00000
 -1.42500  +0.65000  +36.00000
 -1.22500  +0.75000  +39.00000
 -1.12500  +0.80000  +14.00000
 +0.32500  +0.45000  +108.00000
 +0.22500  +0.35000  +113.00000
 +0.42500  +0.55000  +10.00000
 +0.37500  +0.35000  +81.00000
 -0.37500  +0.75000  +91.00000
 -0.32500  +0.60000  +56.00000
 +0.17500  -0.20000  +124.00000
 +0.22500  -0.35000  +93.00000
 +0.27500  -0.05000  +107.00000
 -1.67500  +0.50000  +42.00000
 -1.62500  +0.35000  +90.00000
 -1.57500  +0.50000  +37.00000
 -1.57500  +0.60000  +26.00000
 -1.72500  +0.40000  +21.00000
 -1.77500  +0.65000  +1.00000
 -1.77500  +0.55000  +8.00000
 -1.52500  +0.40000  +88.00000
 -1.67500  +0.60000  +12.00000
 -1.87500  +0.45000  +4.00000
 -1.67500  +0.25000  +61.00000
 +0.12500  -0.60000  +66.00000
 +0.02500  -0.70000  +18.00000
 -0.12500  -0.65000  +39.00000
 -0.12500  -0.75000  +7.00000
 -0.02500  -0.55000  +86.00000
 -0.07500  -0.45000  +151.00000
 +0.07500  -0.45000  +78.00000
 +0.17500  -0.50000  +107.00000
 +0.22500  -0.65000  +35.00000
 +0.37500  -0.70000  +2.00000
 +0.37500  -0.50000  +14.00000
 -0.02500  +0.45000  +107.00000
 +0.27500  +0.10000  +92.00000
 -1.67500  -0.65000  +34.00000
 -1.52500  -0.65000  +52.00000
 -1.57500  -0.55000  +84.00000
 -1.72500  -0.55000  +42.00000
 -1.52500  -0.45000  +65.00000
 -1.47500  -0.55000  +68.00000
 -1.62500  -0.45000  +43.00000
 -1.62500  -0.75000  +6.00000
 -1.82500  -0.60000  +9.00000
 -1.42500  -0.70000  +39.00000
 +0.32500  +0.20000  +87.00000
 -1.37500  -0.60000  +58.00000
 -1.82500  +0.00000  +28.00000
 -1.72500  +0.10000  +67.00000
 -1.62500  -0.10000  +80.00000
 -1.72500  -0.05000  +94.00000
 -1.87500  -0.15000  +14.00000
 -1.87500  +0.10000  +14.00000
 -1.77500  -0.15000  +34.00000
 -1.52500  +0.00000  +89.00000
 -1.67500  -0.20000  +58.00000
 -1.92500  -0.00000  +4.00000
 +0.17500  -0.75000  +1.00000
 +0.02500  -0.35000  +99.00000
 +0.12500  -0.30000  +151.00000
 -1.32500  -0.10000  +99.00000
 -1.67500  -0.35000  +72.00000
 -1.77500  -0.35000  +20.00000
 -1.57500  -0.20000  +79.00000
 -1.87500  -0.30000  +10.00000
 -1.82500  -0.45000  +9.00000
 -1.52500  -0.10000  +71.00000
 -1.47500  -0.30000  +90.00000
 -1.42500  -0.05000  +100.00000
 -1.42500  -0.20000  +137.00000
 -0.22500  -0.55000  +97.00000
 -0.27500  -0.65000  +63.00000
 -0.37500  -0.55000  +53.00000
 -0.47500  -0.60000  +71.00000
 -0.37500  -0.70000  +48.00000
 -0.32500  -0.45000  +74.00000
 -1.57500  -0.35000  +56.00000
 +0.12500  -0.10000  +67.00000
 +0.17500  +0.15000  +145.00000
 +0.17500  +0.00000  +137.00000
 -1.42500  -0.45000  +85.00000
 -1.22500  +0.55000  +169.00000
 -1.22500  +0.65000  +70.00000
 -1.47500  +0.55000  +77.00000
 -1.12500  +0.65000  +80.00000
 -1.42500  +0.45000  +124.00000
 -1.27500  +0.45000  +112.00000
 -1.77500  +0.20000  +41.00000
 -1.62500  +0.15000  +121.00000
 -1.62500  +0.00000  +72.00000
 -1.87500  +0.25000  +5.00000
 -0.47500  +0.80000  +33.00000
 -0.37500  +0.85000  +12.00000
 -0.42500  +0.65000  +90.00000
 +0.07500  +0.40000  +102.00000
 +0.12500  +0.30000  +98.00000
 -1.12500  -0.85000  +24.00000
 -1.02500  -0.75000  +82.00000
 -1.02500  -0.90000  +14.00000
 -0.87500  -0.80000  +43.00000
 -1.12500  -0.70000  +118.00000
 -0.77500  -0.80000  +35.00000
 -0.92500  -0.70000  +84.00000
 -1.02500  -0.65000  +94.00000
 -1.27500  -0.85000  +11.00000
 -1.22500  -0.70000  +99.00000
 -1.22500  -0.60000  +57.00000
 -1.12500  -0.60000  +41.00000
 -1.32500  -0.70000  +29.00000
 -1.12500  -0.50000  +150.00000
 -0.82500  -0.90000  +10.00000
 -0.67500  -0.90000  +12.00000
 -0.57500  -0.75000  +114.00000
 -0.57500  -0.90000  +14.00000
 -0.72500  -0.65000  +114.00000
 -0.57500  -0.65000  +78.00000
 -0.42500  -0.80000  +31.00000
 -0.67500  -0.75000  +77.00000
 -0.82500  -0.70000  +72.00000
 -0.72500  -0.50000  +116.00000
 -0.82500  -0.60000  +53.00000
 -1.37500  +0.35000  +83.00000
 -1.17500  +0.45000  +102.00000
 +0.02500  -0.15000  +106.00000
 -0.02500  -0.25000  +108.00000
 -1.82500  +0.35000  +23.00000
 -1.57500  +0.25000  +140.00000
 -0.57500  +0.65000  +139.00000
 -0.32500  +0.50000  +112.00000
 -0.57500  +0.75000  +65.00000
 -1.42500  +0.25000  +120.00000
 -1.47500  +0.15000  +146.00000
 -0.57500  -0.45000  +94.00000
 -0.52500  -0.35000  +170.00000
 -0.67500  -0.40000  +134.00000
 -0.57500  +0.85000  +25.00000
 -0.62500  -0.25000  +116.00000
 -0.37500  +0.95000  +4.00000
 -0.62500  +0.95000  +4.00000
 -0.47500  -0.50000  +97.00000
 -0.47500  +0.90000  +9.00000
 -1.32500  -0.50000  +122.00000
 -1.22500  -0.50000  +110.00000
 -1.02500  +0.60000  +95.00000
 -1.12500  +0.55000  +102.00000
 -1.47500  -0.80000  +10.00000
 -1.37500  -0.80000  +4.00000
 -0.22500  +0.55000  +63.00000
 -0.47500  +0.55000  +130.00000
 -0.22500  +0.40000  +138.00000
 -1.02500  +0.50000  +160.00000
 -0.92500  +0.75000  +50.00000
 -1.02500  +0.70000  +33.00000
 -0.77500  +0.80000  +24.00000
 -0.92500  +0.65000  +115.00000
 -1.02500  +0.80000  +25.00000
 -0.72500  +0.65000  +127.00000
 -0.82500  +0.65000  +70.00000
 -0.92500  +0.55000  +76.00000
 -0.07500  +0.35000  +97.00000
 -1.02500  -0.55000  +87.00000
 -0.92500  -0.60000  +24.00000
 -1.37500  -0.30000  +145.00000
 +0.07500  +0.20000  +124.00000
 +0.02500  +0.10000  +93.00000
 -0.67500  +0.75000  +34.00000
 -1.42500  +0.05000  +135.00000
 -0.57500  +0.55000  +72.00000
 -0.62500  -0.55000  +98.00000
 -0.42500  -0.90000  +1.00000
 -0.12500  +0.25000  +92.00000
 -0.02500  +0.25000  +89.00000
 -0.92500  -0.50000  +185.00000
 -0.27500  -0.75000  +6.00000
 -0.72500  +0.55000  +71.00000
 -0.77500  +0.90000  +7.00000
 -0.82500  +0.55000  +61.00000
 -0.67500  +0.85000  +10.00000
 -0.87500  +0.85000  +5.00000
 -1.37500  +0.15000  +113.00000
 -1.27500  +0.30000  +120.00000
 -0.17500  -0.30000  +86.00000
 -0.12500  -0.20000  +62.00000
 -0.22500  -0.40000  +133.00000
 -0.82500  -0.50000  +140.00000
 +0.07500  -0.00000  +88.00000
 -0.37500  +0.40000  +160.00000
 -1.27500  -0.40000  +94.00000
 -0.07500  +0.05000  +112.00000
 -0.87500  +0.45000  +110.00000
 -0.07500  -0.10000  +98.00000
 -0.07500  +0.15000  +58.00000
 -0.42500  -0.40000  +97.00000
 -1.32500  +0.05000  +116.00000
 -0.67500  +0.45000  +146.00000
 -0.77500  +0.45000  +86.00000
 -1.22500  -0.30000  +140.00000
 -1.12500  -0.35000  +106.00000
 -1.27500  -0.20000  +124.00000
 -0.22500  -0.15000  +80.00000
 -0.37500  -0.30000  +116.00000
 -1.02500  -0.40000  +102.00000
 -1.22500  +0.20000  +148.00000
 -0.82500  +0.35000  +119.00000
 -0.22500  +0.20000  +83.00000
 -0.17500  +0.10000  +93.00000
 -0.17500  -0.05000  +94.00000
 -0.77500  -0.40000  +110.00000
 -0.27500  -0.25000  +114.00000
 -0.52500  +0.40000  +116.00000
 -1.12500  +0.35000  +157.00000
 -0.97500  +0.40000  +107.00000
 -0.32500  +0.25000  +124.00000
 -1.22500  -0.05000  +137.00000
 -0.47500  +0.30000  +133.00000
 -1.12500  -0.15000  +141.00000
 -0.27500  +0.05000  +99.00000
 -0.42500  -0.20000  +114.00000
 -0.67500  +0.30000  +162.00000
 -0.87500  -0.40000  +116.00000
 -0.92500  +0.30000  +136.00000
 -1.02500  +0.30000  +118.00000
 -0.97500  -0.30000  +108.00000
 -1.07500  -0.25000  +116.00000
 -0.42500  +0.20000  +102.00000
 -0.32500  -0.10000  +119.00000
 -1.12500  +0.15000  +166.00000
 -0.82500  -0.30000  +118.00000
 -1.22500  +0.05000  +85.00000
 -1.02500  +0.15000  +139.00000
 -0.57500  +0.20000  +105.00000
 -1.12500  +0.00000  +164.00000
 -0.37500  +0.10000  +82.00000
 -0.87500  +0.20000  +141.00000
 -0.47500  +0.05000  +141.00000
 -0.42500  -0.05000  +118.00000
 -0.52500  -0.15000  +83.00000
 -0.72500  -0.30000  +99.00000
 -1.02500  -0.15000  +126.00000
 -0.77500  +0.20000  +76.00000
 -0.77500  +0.05000  +132.00000
 -0.97500  +0.00000  +162.00000
 -0.62500  +0.05000  +117.00000
 -0.67500  +0.15000  +124.00000
 -0.57500  -0.05000  +118.00000
 -0.92500  -0.20000  +102.00000
 -0.77500  -0.20000  +132.00000
 -0.87500  -0.10000  +133.00000
 -0.67500  -0.10000  +129.00000
 -0.92500  +0.10000  +89.00000
 -0.87500  +0.00000  +116.00000
 -0.77500  -0.05000  +121.00000
