 +0.62500  -0.65000  +36.00000
 +0.72500  -0.50000  +23.00000
 +0.87500  -0.55000  +3.00000
 +0.77500  -0.60000  +12.00000
 +0.62500  -0.55000  +44.00000
 +0.72500  -0.70000  +6.00000
 +0.52500  -0.70000  +6.00000
 +0.52500  -0.55000  +48.00000
 +0.62500  -0.75000  +4.00000
 +0.57500  -0.45000  +76.00000
 +0.67500  -0.40000  +87.00000
 +0.87500  +0.30000  +17.00000
 +0.72500  +0.45000  +50.00000
 +0.57500  +0.40000  +80.00000
 +0.62500  +0.55000  +30.00000
 +0.67500  +0.30000  +70.00000
 +0.77500  +0.35000  +31.00000
 +0.77500  +0.55000  +3.00000
 +0.72500  +0.20000  +152.00000
 +0.82500  +0.45000  +7.00000
 +1.07500  +0.00000  +12.00000
 +0.92500  -0.15000  +27.00000
 +0.92500  +0.00000  +60.00000
 +1.02500  -0.10000  +31.00000
 +0.97500  +0.10000  +36.00000
 +0.82500  +0.05000  +92.00000
 +0.97500  -0.25000  +10.00000
 +0.87500  +0.15000  +82.00000
 +0.82500  -0.10000  +80.00000
 +0.42500  -0.50000  +103.00000
 +0.42500  -0.65000  +46.00000
 +0.32500  -0.60000  +46.00000
 +0.37500  -0.35000  +68.00000
 +0.47500  -0.40000  +99.00000
 +0.62500  -0.25000  +103.00000
 +0.52500  -0.30000  +112.00000
 +0.72500  -0.30000  +61.00000
 +0.82500  -0.45000  +5.00000
 +0.82500  -0.30000  +25.00000
 +0.67500  -0.15000  +147.00000
 +0.57500  -0.15000  +58.00000
 +0.67500  -0.00000  +150.00000
 +0.92500  -0.40000  +5.00000
 +0.42500  -0.25000  +99.00000
 +0.62500  +0.10000  +104.00000
 +0.57500  +0.25000  +62.00000
 +0.97500  +0.25000  +10.00000
 +0.77500  -0.20000  +48.00000
 +0.47500  +0.55000  +66.00000
 +0.47500  +0.40000  +137.00000
 -0.07500  +0.85000  +76.00000
 +0.02500  +0.75000  +74.00000
 +0.07500  +0.95000  +21.00000
 +0.27500  +0.90000  +6.00000
 +0.17500  +0.75000  +88.00000
 +0.12500  +0.85000  +30.00000
 -0.12500  +0.95000  +20.00000
 +0.22500  +1.00000  +6.00000
 -1.87500  +0.65000  +29.00000
 -1.77500  +0.65000  +30.00000
 -1.77500  +0.55000  +49.00000
 -1.67500  +0.60000  +39.00000
 -1.87500  +0.55000  +21.00000
 -1.67500  +0.50000  +110.00000
 -1.72500  +0.75000  +16.00000
 -1.82500  +0.45000  +66.00000
 -1.62500  +0.70000  +51.00000
 -1.57500  +0.60000  +80.00000
 -0.22500  +0.85000  +73.00000
 -0.37500  +0.80000  +118.00000
 -0.37500  +0.70000  +81.00000
 -0.22500  +0.75000  +87.00000
 -0.37500  +0.95000  +46.00000
 -0.47500  +0.85000  +77.00000
 -1.42500  +0.95000  +64.00000
 -1.42500  +0.85000  +68.00000
 -1.27500  +0.90000  +33.00000
 -1.52500  +0.95000  +17.00000
 -1.47500  +0.75000  +99.00000
 -1.32500  +1.00000  +14.00000
 -1.32500  +0.80000  +69.00000
 -1.57500  +0.85000  +21.00000
 +0.02500  +0.65000  +80.00000
 -0.07500  +0.75000  +81.00000
 -1.62500  +1.00000  +6.00000
 -1.12500  +0.85000  +17.00000
 -1.17500  +0.75000  +80.00000
 -1.42500  +1.10000  +3.00000
 -1.17500  +0.95000  +5.00000
 +0.07500  -0.55000  +93.00000
 +0.07500  -0.65000  +40.00000
 +0.22500  -0.65000  +87.00000
 +0.22500  -0.50000  +123.00000
 +0.27500  -0.75000  +31.00000
 +0.52500  -0.80000  +3.00000
 +0.12500  -0.80000  +24.00000
 +0.57500  -0.05000  +119.00000
 +0.47500  +0.25000  +120.00000
 +0.47500  +0.05000  +93.00000
 -1.37500  +0.60000  +146.00000
 -1.37500  +0.70000  +99.00000
 +0.22500  -0.85000  +9.00000
 +0.37500  -0.80000  +5.00000
 +0.02500  -0.75000  +12.00000
 +0.47500  -0.15000  +98.00000
 +0.37500  +0.55000  +110.00000
 +0.32500  +0.45000  +99.00000
 +0.37500  +0.30000  +101.00000
 +0.42500  +0.70000  +27.00000
 +0.32500  +0.65000  +132.00000
 +0.17500  +0.65000  +111.00000
 +0.52500  +0.65000  +5.00000
 +0.22500  +0.50000  +141.00000
 +0.32500  +0.80000  +20.00000
 -1.72500  -0.75000  +33.00000
 -1.62500  -0.65000  +100.00000
 -1.52500  -0.75000  +43.00000
 -1.62500  -0.85000  +4.00000
 -1.72500  -0.55000  +70.00000
 -1.57500  -0.55000  +139.00000
 -1.72500  -0.65000  +50.00000
 -1.47500  -0.60000  +140.00000
 -1.82500  -0.70000  +22.00000
 -1.62500  -0.75000  +7.00000
 -1.82500  -0.85000  +3.00000
 +0.52500  +0.15000  +95.00000
 -1.82500  -0.45000  +67.00000
 -1.92500  -0.65000  +5.00000
 -1.97500  -0.55000  +5.00000
 -1.67500  -0.45000  +93.00000
 -1.82500  -0.60000  +15.00000
 -1.72500  -0.30000  +122.00000
 -1.62500  -0.30000  +88.00000
 -1.47500  -0.45000  +118.00000
 +0.32500  -0.45000  +77.00000
 +0.27500  -0.35000  +75.00000
 +0.32500  +0.05000  +101.00000
 +0.37500  -0.05000  +127.00000
 +0.07500  +0.55000  +182.00000
 -0.07500  +0.60000  +106.00000
 +0.37500  +0.15000  +145.00000
 -1.97500  +0.55000  +11.00000
 -1.57500  +0.45000  +112.00000
 -1.77500  +0.30000  +124.00000
 -1.92500  +0.45000  +27.00000
 -1.72500  +0.40000  +114.00000
 -1.87500  +0.35000  +59.00000
 -0.27500  +0.65000  +145.00000
 -0.17500  +0.55000  +87.00000
 -1.82500  -0.25000  +68.00000
 -1.92500  -0.40000  +29.00000
 -1.77500  -0.15000  +88.00000
 -1.92500  -0.20000  +48.00000
 -2.02500  -0.45000  +6.00000
 -1.27500  +0.60000  +79.00000
 -1.27500  +0.70000  +93.00000
 -1.07500  +0.70000  +130.00000
 -1.17500  +0.65000  +109.00000
 -2.02500  +0.45000  +19.00000
 -1.97500  +0.30000  +11.00000
 +0.17500  +0.40000  +109.00000
 -1.97500  +0.00000  +36.00000
 -1.72500  +0.05000  +107.00000
 -1.87500  +0.00000  +76.00000
 -1.77500  -0.05000  +133.00000
 -1.87500  +0.15000  +104.00000
 -2.02500  +0.15000  +7.00000
 -1.42500  +0.50000  +104.00000
 -1.47500  +0.65000  +68.00000
 -1.62500  +0.35000  +139.00000
 -2.02500  -0.30000  +9.00000
 -1.97500  -0.10000  +23.00000
 -1.67500  -0.20000  +88.00000
 -1.87500  -0.10000  +46.00000
 -1.67500  +0.20000  +127.00000
 -1.77500  +0.15000  +82.00000
 -1.62500  +0.05000  +171.00000
 +0.12500  -0.40000  +101.00000
 +0.02500  -0.45000  +85.00000
 -0.87500  -0.80000  +95.00000
 -0.97500  -0.95000  +9.00000
 -1.12500  -0.85000  +44.00000
 -1.07500  -0.75000  +120.00000
 -1.02500  -0.85000  +73.00000
 -0.92500  -0.70000  +125.00000
 -1.22500  -0.80000  +95.00000
 -1.22500  -0.90000  +20.00000
 -0.87500  -0.90000  +26.00000
 -1.12500  -0.95000  +11.00000
 -0.02500  -0.65000  +91.00000
 -0.17500  -0.60000  +95.00000
 -0.12500  -0.50000  +76.00000
 -0.02500  -0.55000  +71.00000
 -0.12500  -0.70000  +41.00000
 -0.42500  -0.95000  +43.00000
 -0.42500  -0.85000  +60.00000
 -0.57500  -0.85000  +65.00000
 -0.52500  -0.75000  +141.00000
 -0.27500  -0.85000  +11.00000
 -0.32500  -1.00000  +1.00000
 +0.32500  -0.25000  +76.00000
 +0.37500  -0.15000  +97.00000
 +0.17500  -0.30000  +85.00000
 -0.07500  +0.50000  +135.00000
 -0.57500  +0.90000  +36.00000
 -0.67500  +0.90000  +38.00000
 -0.62500  +0.80000  +80.00000
 -0.72500  +1.00000  +13.00000
 -0.57500  +1.00000  +8.00000
 -0.77500  +0.85000  +45.00000
 -0.47500  +1.10000  +4.00000
 -0.82500  +0.95000  +41.00000
 -0.47500  +1.00000  +17.00000
 -0.57500  +0.70000  +117.00000
 -0.72500  +0.75000  +113.00000
 -0.22500  +1.00000  +1.00000
 -0.77500  -0.90000  +18.00000
 -0.72500  -0.80000  +84.00000
 -0.67500  -0.90000  +31.00000
 -0.67500  -0.65000  +129.00000
 -0.82500  -1.00000  +2.00000
 -0.62500  -0.75000  +69.00000
 +0.07500  +0.40000  +162.00000
 +0.22500  +0.15000  +126.00000
 -1.47500  -0.85000  +15.00000
 -1.37500  -0.75000  +118.00000
 -1.37500  -0.85000  +21.00000
 -1.17500  -0.65000  +138.00000
 -1.27500  -0.65000  +100.00000
 -2.07500  -0.15000  +3.00000
 +0.27500  -0.10000  +100.00000
 -0.47500  +0.75000  +104.00000
 -0.32500  +0.55000  +129.00000
 -1.52500  +0.30000  +115.00000
 -1.02500  -0.50000  +163.00000
 -1.22500  -0.45000  +97.00000
 -1.32500  -0.40000  +131.00000
 -1.37500  -0.50000  +176.00000
 -1.37500  -0.60000  +98.00000
 -1.27500  -0.55000  +128.00000
 +0.22500  -0.20000  +105.00000
 -0.52500  -1.00000  +8.00000
 -0.47500  -0.60000  +97.00000
 -1.42500  -0.95000  +2.00000
 -1.67500  -0.05000  +122.00000
 -1.47500  +0.40000  +73.00000
 +0.22500  +0.30000  +110.00000
 -1.57500  -0.40000  +98.00000
 -1.57500  -0.20000  +104.00000
 -0.27500  -0.65000  +84.00000
 +0.17500  -0.05000  +93.00000
 -0.77500  -0.65000  +108.00000
 -0.47500  +0.65000  +104.00000
 -1.12500  -0.55000  +167.00000
 -1.17500  +0.55000  +101.00000
 -1.32500  +0.50000  +85.00000
 -0.87500  +0.55000  +178.00000
 -0.82500  +0.75000  +71.00000
 -0.87500  +0.65000  +119.00000
 -0.87500  +0.40000  +213.00000
 -0.92500  +0.80000  +46.00000
 -0.77500  +0.60000  +117.00000
 -0.97500  +0.90000  +11.00000
 -0.97500  +0.70000  +100.00000
 -0.97500  +0.55000  +74.00000
 -1.02500  +0.80000  +50.00000
 -0.67500  +0.50000  +137.00000
 -0.72500  +0.40000  +92.00000
 -0.67500  +0.65000  +110.00000
 -0.22500  -0.75000  +15.00000
 -0.32500  -0.55000  +133.00000
 -0.12500  -0.80000  +4.00000
 -1.52500  -0.30000  +141.00000
 -0.37500  -0.70000  +73.00000
 -0.77500  -0.55000  +120.00000
 +0.07500  -0.25000  +94.00000
 +0.12500  -0.15000  +88.00000
 -0.12500  +0.40000  +102.00000
 -0.02500  +0.30000  +118.00000
 -1.02500  -0.65000  +191.00000
 -0.57500  +0.60000  +101.00000
 -0.27500  +0.45000  +107.00000
 -1.07500  +0.60000  +73.00000
 -1.47500  +0.05000  +130.00000
 -1.52500  -0.05000  +167.00000
 +0.12500  +0.20000  +110.00000
 -1.42500  -0.30000  +83.00000
 -1.47500  -0.20000  +118.00000
 -0.47500  +0.55000  +86.00000
 -0.07500  -0.40000  +71.00000
 -0.22500  -0.45000  +96.00000
 -0.47500  -0.50000  +114.00000
 -0.57500  -0.60000  +45.00000
 -1.57500  +0.20000  +110.00000
 -0.02500  -0.30000  +97.00000
 -0.87500  -0.60000  +140.00000
 -1.42500  +0.30000  +83.00000
 -0.67500  -0.55000  +75.00000
 +0.12500  +0.05000  +116.00000
 -1.07500  +0.50000  +142.00000
 -1.22500  +0.45000  +160.00000
 -1.37500  +0.40000  +98.00000
 -1.12500  -0.40000  +111.00000
 -0.42500  +0.40000  +121.00000
 -0.17500  +0.30000  +136.00000
 +0.02500  +0.20000  +111.00000
 -0.57500  +0.50000  +138.00000
 -0.32500  -0.35000  +108.00000
 -1.47500  +0.20000  +92.00000
 -1.37500  +0.20000  +109.00000
 -0.07500  -0.20000  +99.00000
 +0.02500  -0.15000  +75.00000
 -0.57500  -0.50000  +120.00000
 -0.52500  -0.40000  +115.00000
 +0.02500  -0.05000  +122.00000
 +0.02500  +0.05000  +97.00000
 -1.42500  -0.05000  +115.00000
 -0.17500  -0.25000  +134.00000
 -1.32500  +0.30000  +113.00000
 -0.07500  -0.10000  +78.00000
 -0.92500  -0.50000  +136.00000
 -0.82500  -0.45000  +113.00000
 -1.22500  -0.30000  +90.00000
 -0.07500  +0.15000  +135.00000
 -0.77500  +0.50000  +111.00000
 -0.97500  -0.40000  +162.00000
 -0.37500  -0.45000  +110.00000
 -1.37500  -0.20000  +84.00000
 -1.27500  -0.20000  +119.00000
 -0.32500  +0.35000  +114.00000
 -0.42500  -0.30000  +118.00000
 -0.62500  +0.40000  +108.00000
 -0.27500  +0.25000  +87.00000
 -1.17500  +0.30000  +140.00000
 -1.12500  +0.40000  +139.00000
 -1.27500  +0.20000  +115.00000
 -0.12500  +0.05000  +148.00000
 -0.22500  -0.15000  +127.00000
 -1.32500  +0.05000  +162.00000
 -0.72500  -0.45000  +110.00000
 -0.22500  +0.15000  +118.00000
 -0.77500  +0.30000  +92.00000
 -1.02500  +0.40000  +80.00000
 -0.32500  -0.10000  +91.00000
 -0.17500  -0.05000  +91.00000
 -1.32500  -0.10000  +125.00000
 -1.22500  -0.10000  +82.00000
 -0.37500  -0.20000  +121.00000
 -0.62500  -0.35000  +116.00000
 -0.27500  +0.00000  +112.00000
 -0.37500  +0.20000  +78.00000
 -1.07500  +0.25000  +101.00000
 -1.07500  -0.30000  +146.00000
 -0.97500  +0.30000  +130.00000
 -0.47500  -0.15000  +132.00000
 -1.22500  +0.10000  +109.00000
 -0.77500  -0.35000  +141.00000
 -0.57500  -0.25000  +152.00000
 -0.32500  +0.10000  +99.00000
 -0.87500  -0.25000  +162.00000
 -0.87500  +0.20000  +151.00000
 -0.47500  +0.30000  +88.00000
 -0.57500  +0.30000  +66.00000
 -1.17500  -0.00000  +84.00000
 -1.12500  -0.10000  +72.00000
 -0.42500  +0.05000  +77.00000
 -0.47500  +0.15000  +135.00000
 -0.67500  +0.30000  +71.00000
 -0.62500  +0.20000  +109.00000
 -0.72500  +0.20000  +58.00000
 -0.97500  -0.25000  +84.00000
 -1.17500  -0.20000  +96.00000
 -1.02500  -0.15000  +144.00000
 -1.02500  +0.15000  +112.00000
 -0.67500  -0.25000  +83.00000
 -0.77500  -0.20000  +125.00000
 -1.12500  +0.10000  +75.00000
 -0.42500  -0.05000  +77.00000
 -1.07500  -0.00000  +100.00000
 -0.52500  +0.00000  +106.00000
 -0.62500  +0.05000  +162.00000
 -0.62500  -0.10000  +139.00000
 -0.77500  +0.10000  +157.00000
 -0.92500  -0.15000  +79.00000
 -0.92500  +0.05000  +122.00000
 -0.97500  -0.05000  +123.00000
 -0.77500  -0.05000  +191.00000
 -0.87500  -0.05000  +84.00000
