 -0.32500  +0.10000  +52.00000
 -0.27500  +0.00000  +26.00000
 -0.42500  +0.05000  +75.00000
 -0.37500  -0.05000  +30.00000
 -0.17500  +0.15000  +24.00000
 -0.42500  +0.20000  +63.00000
 -0.27500  +0.25000  +27.00000
 -0.07500  +0.05000  +2.00000
 -0.92500  +0.05000  +57.00000
 -0.92500  +0.25000  +41.00000
 -1.02500  +0.05000  +22.00000
 -0.82500  +0.10000  +89.00000
 -0.97500  +0.15000  +43.00000
 -0.87500  -0.10000  +68.00000
 -1.02500  +0.25000  +8.00000
 -0.97500  -0.05000  +31.00000
 -0.57500  +0.20000  +68.00000
 -0.47500  +0.30000  +28.00000
 -0.52500  +0.10000  +112.00000
 -0.72500  +0.15000  +104.00000
 -0.77500  +0.25000  +101.00000
 -0.72500  +0.00000  +178.00000
 -0.62500  +0.10000  +103.00000
 -0.87500  +0.35000  +8.00000
 -0.67500  +0.30000  +35.00000
 -0.52500  +0.45000  +1.00000
 -0.57500  +0.35000  +21.00000
 -0.82500  -0.00000  +81.00000
 -0.92500  -0.25000  +30.00000
 -0.92500  -0.40000  +2.00000
 -0.72500  -0.40000  +13.00000
 -0.77500  -0.20000  +134.00000
 -0.82500  -0.35000  +19.00000
 -0.67500  -0.30000  +61.00000
 -1.02500  -0.20000  +11.00000
 -0.62500  -0.15000  +123.00000
 -0.57500  -0.25000  +62.00000
 -0.47500  -0.20000  +45.00000
 -0.62500  -0.40000  +14.00000
 -0.72500  -0.10000  +110.00000
 -1.07500  -0.05000  +3.00000
 -0.57500  +0.00000  +147.00000
 -0.77500  +0.40000  +2.00000
 -0.52500  -0.10000  +113.00000
 -0.37500  -0.15000  +13.00000
