-0.325 0.1 0.001502
-0.275 0.0 0.001494
-0.425 0.05 0.023959
-0.375 -0.05 0.009391
-0.175 0.15 0.000116
-0.425 0.2 0.005691
-0.275 0.25 0.000208
-0.075 0.05 1.2e-05
-0.925 0.05 0.013036
-0.925 0.25 0.005988
-1.025 0.05 0.001278
-0.825 0.1 0.034537
-0.975 0.15 0.001669
-0.875 -0.1 0.03047
-1.025 0.25 0.000965
-0.975 -0.05 0.007236
-0.575 0.2 0.026657
-0.475 0.3 0.002339
-0.525 0.1 0.050321
-0.725 0.15 0.041907
-0.775 0.25 0.029361
-0.725 1.38777878078e-17 0.147623
-0.625 0.1 0.078384
-0.875 0.35 0.000754
-0.675 0.3 0.009523
-0.525 0.45 2.3e-05
-0.575 0.35 0.003644
-0.825 -1.38777878078e-17 0.046743
-0.925 -0.25 0.004351
-0.925 -0.4 5.2e-05
-0.725 -0.4 0.001651
-0.775 -0.2 0.033856
-0.825 -0.35 0.001604
-0.675 -0.3 0.007264
-1.025 -0.2 0.002848
-0.625 -0.15 0.062247
-0.575 -0.25 0.024639
-0.475 -0.2 0.0151
-0.625 -0.4 0.005033
-0.725 -0.1 0.077337
-1.075 -0.05 0.000402
-0.575 0.0 0.108615
-0.775 0.4 0.000515
-0.525 -0.1 0.074158
-0.375 -0.15 0.005497
